#------------------------------------------------------------------------------
# テクスチャファイル名
#------------------------------------------------------------------------------
TEXTURE_FILENAME = data/TEXTURE/glass.jpg		

#==============================================================================
# フィールドの設置
#==============================================================================
FIELDSET
	POS = 40000.00 0.00 0.00
	BLOCK = 240 40
	SIZE = 397.00 397.00
	VTXPOS
	72.94 90.15 16.60 18.99 9.17 32.02 50.41 19.16 85.39 70.74 55.40 57.04 26.16 -9.78 28.84 -35.51 -29.72 -4.55 7.17 -36.36 16.71 -22.41 8.09 -1.63 -7.79 -32.24 -46.89 -26.39 -40.23 42.10 6.29 -22.11 38.80 69.72 79.78 39.35 10.46 0.00 0.00 0.00 0.00 0.00 0.00 0.00 0.00 0.00 0.00 0.00 0.00 0.00 0.00 0.00 0.00 0.00 0.00 0.00 0.00 0.00 0.00 0.00 0.00 0.00 0.00 0.00 0.00 0.00 0.00 0.00 0.00 0.00 0.00 0.00 0.00 0.00 0.00 0.00 0.00 0.00 5.10 15.00 32.38 58.86 87.94 124.17 164.29 210.71 250.87 289.93 328.83 368.87 413.61 443.85 464.15 480.89 488.09 488.87 483.41 461.98 434.11 417.94 412.75 410.58 418.75 430.12 452.31 484.16 516.19 536.83 552.54 558.94 560.67 576.77 595.03 612.90 629.42 639.04 655.85 670.01 680.92 696.60 699.18 703.15 713.54 737.46 751.87 763.92 793.13 833.45 887.38 942.68 993.08 1040.53 1083.72 1131.97 1169.98 1173.54 1165.03 1141.93 1122.47 1098.58 1089.73 1092.83 1097.08 1108.38 1137.40 1184.89 1240.60 1276.86 1302.26 1321.70 1338.31 1363.16 1389.57 1424.53 1467.79 1500.32 1524.37 1532.85 1513.62 1487.58 1464.04 1445.19 1432.86 1405.15 1355.58 1317.65 1293.44 1264.28 1257.45 1285.95 1333.49 1414.49 1501.35 1590.17 1687.34 1770.22 1837.42 1892.68 1969.22 2056.22 2157.88 2229.12 2295.47 2314.69 2284.70 2211.53 2125.88 2021.79 1931.66 1879.26 1825.76 1793.98 1787.82 1819.53 1818.97 1793.54 1788.28 1804.45 1804.36 1779.01 1722.13 1668.15 1635.68 1607.27 1644.61 1696.63 1725.45 1709.29 1666.62 1669.73 1690.48 1693.35 1691.09 1701.90 1743.21 1820.35 1885.41 1967.38 1994.97 2014.56 2019.08 1975.61 1929.79 1857.31 1818.26 1779.20 1746.65 1728.51 1742.99 1834.23 1935.60 2013.57 2041.64 2072.50 2225.51 2457.75 2578.58 2559.47 2372.97 2002.81 1504.49 
	196.32 289.48 225.50 237.98 483.74 710.07 678.15 532.56 537.37 400.14 295.53 310.10 339.47 252.13 228.15 182.14 217.31 268.12 266.84 247.94 318.80 314.38 391.62 393.28 445.56 484.87 534.58 572.75 559.41 552.07 439.90 359.32 352.26 276.51 176.55 100.41 31.66 0.02 0.00 0.00 0.00 0.00 0.00 0.00 0.00 0.00 0.00 0.00 0.00 0.00 0.00 0.00 0.00 0.00 0.00 0.00 0.00 0.00 0.00 0.00 0.00 0.00 0.00 0.00 0.00 0.00 0.00 0.00 0.00 0.00 0.00 0.00 0.00 0.00 0.00 0.00 0.00 0.00 4.52 13.89 30.65 56.65 85.19 120.30 158.47 199.52 240.47 279.41 320.10 363.80 409.54 442.66 465.22 485.82 495.98 498.69 491.07 467.50 437.56 420.12 414.06 413.37 423.46 436.40 458.17 490.74 523.15 545.86 565.47 575.75 586.06 609.19 631.71 655.15 676.33 698.49 724.35 750.41 766.65 791.21 804.71 824.60 851.59 891.01 917.36 935.74 972.32 997.00 1044.86 1100.45 1140.66 1185.28 1252.88 1328.48 1390.54 1415.59 1410.14 1375.38 1334.42 1304.53 1295.98 1292.22 1299.36 1335.61 1384.69 1438.19 1491.75 1532.15 1563.72 1587.03 1634.68 1679.56 1708.08 1756.14 1812.50 1856.02 1897.52 1915.39 1899.16 1884.21 1863.43 1837.10 1833.50 1812.46 1761.01 1699.77 1654.74 1605.72 1588.73 1644.53 1746.63 1853.17 1962.97 2071.88 2177.75 2273.62 2328.96 2375.96 2490.45 2614.54 2722.17 2789.14 2831.69 2848.20 2812.85 2722.42 2625.80 2518.04 2451.05 2416.23 2393.71 2384.83 2381.71 2437.64 2461.39 2474.09 2515.54 2530.95 2499.87 2435.92 2385.94 2348.58 2316.80 2242.22 2218.58 2244.63 2282.08 2284.23 2248.27 2218.99 2231.70 2239.82 2221.84 2229.35 2283.56 2356.16 2406.51 2473.31 2500.09 2526.29 2515.23 2480.10 2443.72 2368.96 2323.10 2263.92 2206.38 2149.97 2144.04 2284.65 2416.56 2502.65 2521.77 2515.51 2750.05 3075.30 3271.01 3326.76 3215.13 2722.05 2060.64 
	288.85 521.61 679.18 843.47 1045.19 1289.52 1272.74 1285.54 1210.77 1122.29 1003.55 978.51 947.41 832.60 802.29 806.76 842.49 874.17 942.63 1064.39 1168.37 1205.25 1358.40 1496.22 1425.81 1355.11 1270.37 1238.81 1237.45 1180.90 1042.40 940.85 777.65 569.26 342.05 176.07 61.72 2.35 0.00 0.00 0.00 0.00 0.00 0.00 0.00 0.00 0.00 0.00 0.00 0.00 0.00 0.00 0.00 0.00 0.00 0.00 0.00 0.00 0.00 0.00 0.00 0.00 0.00 0.00 0.00 0.00 0.00 0.00 0.00 0.00 0.00 0.00 0.00 0.00 0.00 0.00 0.00 0.00 2.88 10.57 25.39 49.41 76.41 107.69 141.11 177.36 213.10 247.66 286.65 329.19 372.91 405.79 426.71 443.33 449.02 447.84 444.29 429.11 407.00 388.95 380.97 378.01 382.39 394.80 421.05 453.20 482.85 503.54 522.33 531.97 545.70 573.48 604.05 633.67 659.54 688.27 728.11 771.52 805.01 845.04 875.60 907.89 955.86 1006.21 1030.54 1054.34 1086.06 1118.33 1178.46 1222.09 1250.89 1305.39 1383.50 1458.18 1536.32 1579.18 1578.49 1546.83 1508.83 1485.24 1466.28 1460.65 1474.33 1521.95 1578.36 1641.25 1690.96 1743.96 1768.31 1811.46 1870.87 1928.49 1981.53 2042.27 2110.62 2168.56 2231.69 2267.53 2266.16 2246.55 2231.78 2211.37 2188.13 2168.53 2130.08 2072.28 2013.23 1957.94 1939.47 2020.73 2137.71 2273.74 2405.68 2520.44 2632.86 2732.20 2772.78 2829.39 2939.48 3068.75 3181.25 3264.98 3282.59 3306.16 3309.18 3224.08 3109.21 3024.84 2936.74 2894.05 2898.79 2914.46 2955.13 3051.63 3122.03 3214.08 3302.13 3290.97 3231.57 3138.35 3075.96 3056.24 2997.90 2893.02 2811.42 2809.11 2850.47 2904.44 2879.49 2828.46 2806.08 2809.40 2816.57 2833.97 2869.68 2934.90 2988.48 3036.16 3041.45 3042.36 3011.40 2953.00 2901.14 2817.22 2754.14 2710.06 2688.41 2662.99 2762.76 3027.22 3175.11 3183.98 3123.59 3087.04 3376.03 3741.03 3964.64 4024.13 3934.01 3377.45 2589.51 
	219.86 549.15 937.43 1260.30 1423.93 1535.22 1515.72 1500.07 1485.88 1483.04 1437.10 1380.38 1322.84 1194.52 1210.67 1204.67 1241.82 1273.86 1336.85 1484.63 1579.02 1619.71 1767.09 1819.71 1708.28 1582.99 1490.77 1439.84 1402.66 1354.03 1227.11 1129.46 967.81 747.41 511.33 280.65 86.70 1.66 0.00 0.00 0.00 0.00 0.00 0.00 0.00 0.00 0.00 0.00 0.00 0.00 0.00 0.00 0.00 0.00 0.00 0.00 0.00 0.00 0.00 0.00 0.00 -0.27 -2.41 -0.96 0.00 -3.00 -10.32 -9.60 -2.91 0.00 0.00 0.00 0.00 0.00 0.00 0.00 0.00 0.00 0.29 7.32 19.15 38.47 62.78 88.57 117.91 148.27 177.33 205.71 239.89 278.08 317.48 348.08 366.06 379.10 383.02 379.81 376.64 367.49 351.90 334.68 324.86 319.63 321.57 333.63 359.25 391.14 417.19 434.24 451.18 459.05 473.08 504.81 535.45 569.29 600.01 633.10 677.42 729.14 784.98 839.77 885.32 937.04 1000.36 1050.50 1066.91 1109.87 1156.39 1202.33 1262.15 1302.86 1352.08 1427.52 1507.19 1574.43 1646.72 1681.24 1684.01 1659.80 1638.37 1609.16 1584.55 1577.94 1585.48 1634.67 1703.20 1778.89 1841.95 1898.91 1937.05 2001.15 2054.96 2103.36 2165.31 2241.19 2329.23 2395.66 2457.08 2514.35 2532.47 2523.74 2516.89 2490.46 2460.28 2440.66 2414.97 2378.99 2330.12 2282.36 2265.90 2339.29 2447.30 2594.17 2749.80 2882.40 3011.60 3103.47 3156.67 3224.96 3327.46 3444.17 3552.95 3597.62 3592.33 3620.09 3658.36 3609.76 3521.01 3450.14 3362.69 3341.78 3364.88 3430.99 3524.83 3657.59 3762.76 3905.01 4028.73 4030.41 3944.22 3843.67 3798.48 3761.05 3699.14 3544.21 3405.06 3334.12 3367.92 3417.74 3381.85 3301.91 3263.32 3271.34 3290.79 3328.99 3363.76 3421.42 3478.28 3537.32 3549.01 3562.28 3536.64 3465.89 3394.14 3309.51 3268.60 3308.17 3351.79 3427.21 3617.72 3948.22 4102.52 4072.74 3985.75 3855.07 4094.15 4474.96 4653.83 4678.39 4577.37 4008.09 3113.51 
	217.34 623.92 1172.01 1474.19 1657.07 1735.61 1691.01 1665.48 1684.79 1662.44 1654.50 1630.79 1563.63 1456.22 1469.70 1514.79 1554.21 1675.35 1671.28 1706.97 1787.50 1808.80 1920.26 1912.43 1753.00 1624.41 1594.80 1543.89 1493.22 1425.88 1312.70 1233.08 1088.02 875.32 643.49 381.40 120.35 2.01 0.00 0.00 0.00 0.00 0.00 0.00 0.00 0.00 0.00 0.00 0.00 0.00 0.00 0.00 0.00 0.00 0.00 0.00 0.00 0.00 0.00 -5.44 -25.29 -44.93 -52.36 -44.94 -44.54 -54.04 -66.44 -58.02 -34.98 -9.17 0.00 0.00 0.00 0.00 0.00 0.00 0.00 0.00 0.00 3.42 11.10 24.89 45.49 66.14 90.80 114.65 136.83 161.17 186.38 215.70 248.94 276.76 294.04 302.20 307.12 304.67 299.75 292.83 281.91 268.54 254.94 249.05 249.62 263.06 287.22 315.16 335.70 351.81 362.51 369.81 382.21 415.36 441.25 476.44 511.21 544.18 585.92 641.99 707.47 772.89 831.77 900.50 970.64 1024.43 1074.07 1131.74 1193.69 1253.37 1311.76 1375.35 1444.92 1528.57 1617.18 1679.12 1726.98 1745.93 1732.58 1721.74 1714.24 1686.29 1664.79 1655.76 1668.17 1710.77 1794.93 1884.55 1955.10 2015.44 2083.92 2154.60 2204.57 2272.23 2337.22 2418.58 2525.07 2616.88 2680.68 2725.70 2756.54 2747.95 2730.65 2704.29 2671.12 2640.19 2616.65 2607.64 2599.06 2555.20 2539.26 2605.09 2696.61 2828.00 2990.36 3131.26 3270.79 3385.40 3461.30 3526.28 3622.83 3718.60 3810.05 3847.87 3834.79 3859.25 3920.10 3909.14 3877.48 3829.36 3759.36 3755.16 3824.48 3940.03 4087.25 4246.88 4378.94 4549.93 4712.04 4745.49 4647.26 4517.88 4462.67 4410.42 4333.58 4130.52 3937.81 3832.18 3833.17 3871.35 3814.55 3741.65 3686.97 3721.96 3751.15 3802.84 3817.00 3879.56 3961.43 4036.41 4066.14 4112.66 4137.92 4068.35 3988.57 3913.16 3904.51 4056.35 4221.22 4397.38 4642.04 4965.81 5107.88 5030.78 4958.88 4789.23 4908.45 5216.36 5317.34 5304.78 5177.68 4619.96 3623.28 
	290.32 729.15 1337.79 1602.99 1792.54 1930.15 1879.86 1860.25 1890.45 1863.43 1808.41 1778.46 1724.96 1625.11 1661.85 1708.75 1768.03 1869.85 1897.85 1879.80 1906.01 1923.33 1971.31 1895.37 1744.51 1704.29 1661.03 1630.00 1576.44 1512.12 1358.85 1257.88 1108.11 932.85 717.81 424.73 140.04 2.74 0.00 0.00 0.00 0.00 0.00 0.00 0.00 0.00 0.00 0.00 0.00 0.00 0.00 0.00 0.00 0.00 0.00 0.00 0.00 -23.06 -56.37 -95.72 -135.87 -164.21 -161.30 -136.73 -87.86 -70.40 -94.33 -108.24 -81.54 -32.41 -1.87 0.00 0.00 0.00 0.00 0.00 0.00 0.00 0.00 0.00 4.55 12.76 26.47 43.91 60.79 79.54 97.48 113.77 129.55 150.46 173.54 196.58 215.39 224.62 228.31 227.02 217.45 211.69 204.43 192.03 179.49 171.53 173.84 188.82 209.13 230.08 245.59 260.40 266.93 273.58 282.98 311.26 336.56 366.52 403.56 433.99 473.38 537.26 605.09 672.31 746.04 826.34 907.74 982.68 1057.59 1131.33 1211.11 1283.50 1350.42 1435.58 1513.17 1594.78 1681.73 1743.14 1770.70 1777.29 1760.02 1747.61 1732.30 1705.32 1693.80 1704.91 1726.11 1766.54 1846.18 1938.95 2011.35 2085.22 2165.97 2240.00 2288.08 2367.05 2450.61 2556.78 2712.26 2826.86 2876.01 2887.49 2908.21 2897.72 2887.31 2861.01 2812.49 2780.88 2744.77 2737.61 2771.96 2774.20 2755.77 2811.54 2894.66 3018.67 3161.20 3300.90 3443.68 3598.67 3676.67 3738.74 3823.17 3893.05 3960.90 4001.82 4008.28 4030.54 4118.30 4138.58 4140.76 4136.38 4102.13 4138.67 4280.53 4461.68 4684.49 4865.20 4994.50 5160.67 5303.39 5348.43 5267.21 5088.06 4967.76 4892.99 4791.93 4583.92 4392.79 4294.49 4285.13 4306.10 4247.00 4173.07 4147.47 4221.75 4279.10 4323.05 4354.76 4406.59 4497.83 4579.50 4613.76 4623.97 4678.04 4626.15 4539.33 4476.59 4539.16 4778.48 5028.28 5312.91 5559.43 5851.13 5962.69 5926.55 5849.52 5708.66 5750.47 5914.00 5927.01 5856.17 5687.86 5162.97 4097.43 
	340.57 814.12 1393.94 1720.07 1896.58 2081.60 2009.09 1970.21 1946.04 1942.94 1902.42 1860.89 1749.74 1706.49 1790.28 1871.18 1875.64 1930.63 1958.45 1923.25 1967.91 1969.23 1984.43 1972.54 1876.41 1830.67 1772.99 1723.21 1672.11 1588.02 1396.07 1323.32 1150.98 993.90 790.39 471.89 160.88 -4.56 0.00 0.00 0.00 0.00 0.00 0.00 0.00 0.00 0.00 0.00 0.00 0.00 0.00 0.00 0.00 0.00 0.00 -6.95 -55.67 -133.26 -203.93 -253.99 -286.95 -299.30 -248.67 -163.19 -100.99 -116.48 -142.88 -165.01 -124.95 -58.99 -8.93 0.00 0.00 0.00 0.00 0.00 0.00 0.00 0.00 0.00 0.00 3.52 9.98 20.66 33.47 45.34 57.00 67.83 77.14 86.13 98.49 115.82 134.43 146.71 152.15 149.64 142.00 130.18 123.73 115.27 103.97 99.07 106.20 119.00 132.23 141.51 155.90 163.92 170.77 178.41 187.32 198.76 225.02 251.39 284.01 313.57 354.41 420.10 488.07 555.97 640.90 730.93 832.73 930.23 1020.51 1125.88 1228.29 1310.97 1384.21 1467.63 1550.89 1617.02 1702.47 1765.83 1789.27 1790.77 1781.00 1762.61 1723.20 1692.08 1695.00 1724.27 1750.61 1799.69 1870.94 1952.77 2022.57 2104.31 2199.40 2272.34 2328.48 2429.45 2578.73 2726.57 2909.23 3052.09 3075.34 3061.63 3059.20 3018.63 3005.43 2972.82 2926.37 2879.73 2866.77 2883.44 2919.10 2898.11 2904.27 2969.48 3069.59 3188.35 3313.14 3432.58 3553.78 3697.40 3782.16 3834.31 3886.79 3948.46 4026.83 4082.34 4118.48 4153.20 4207.16 4253.90 4315.97 4366.30 4407.74 4497.42 4697.91 4958.78 5224.15 5412.68 5521.39 5644.33 5776.08 5816.17 5748.96 5548.28 5355.62 5247.68 5135.15 4973.20 4813.06 4743.48 4725.29 4738.98 4675.82 4600.15 4609.64 4692.16 4767.11 4810.74 4852.61 4892.58 4990.23 5042.74 5047.59 5057.86 5110.01 5080.50 5033.56 4956.92 5085.05 5382.32 5663.16 5924.71 6103.24 6324.62 6395.96 6506.17 6559.86 6445.16 6418.52 6520.93 6378.65 6275.33 6083.57 5610.65 4497.54 
	293.70 738.51 1466.31 1845.58 2047.79 2177.71 2080.50 2109.56 2102.78 2063.78 2012.72 1943.92 1861.82 1833.68 1940.18 1982.54 1982.98 2014.81 1979.84 1982.82 2014.00 2009.95 2052.10 2037.70 1988.16 1943.48 1888.58 1788.98 1752.22 1630.12 1467.71 1372.77 1199.59 1019.00 851.51 571.06 234.14 4.18 0.00 0.00 0.00 0.00 0.00 0.00 0.00 0.00 0.00 0.00 0.00 0.00 0.00 0.00 0.00 0.00 -2.84 -44.00 -163.85 -295.10 -399.07 -432.95 -427.80 -345.41 -236.00 -133.91 -95.54 -141.88 -190.47 -203.26 -156.78 -83.55 -12.32 0.00 0.00 0.00 0.00 0.00 0.00 0.00 0.00 0.00 0.00 0.00 0.45 3.15 8.23 15.55 20.51 25.84 28.69 31.83 35.81 45.47 58.61 72.76 78.79 79.41 72.25 61.93 49.69 40.87 40.20 43.58 49.99 55.27 59.23 64.97 67.88 75.21 84.39 92.69 95.44 98.24 116.40 140.38 164.95 195.25 235.89 297.64 362.93 432.83 521.29 627.57 746.68 868.47 981.30 1115.22 1236.30 1336.67 1407.49 1486.81 1556.42 1607.24 1701.80 1762.19 1783.25 1782.18 1783.83 1752.84 1704.76 1670.19 1680.53 1706.06 1747.33 1799.77 1876.07 1960.92 2028.19 2103.52 2199.18 2277.83 2363.36 2512.05 2701.09 2868.01 3041.61 3177.92 3237.79 3231.90 3177.26 3118.80 3117.65 3091.73 3044.40 3026.11 3005.28 3013.16 3060.08 3028.44 3000.95 3095.73 3198.46 3333.41 3457.66 3544.85 3621.11 3751.31 3843.53 3863.28 3894.98 3934.26 4013.20 4102.21 4180.39 4205.95 4281.57 4362.39 4465.48 4592.94 4706.43 4819.52 5000.86 5295.71 5593.30 5788.07 5888.05 5993.55 6113.43 6163.49 6092.71 5889.23 5659.56 5530.87 5419.55 5273.30 5137.95 5084.69 5075.07 5096.11 5069.99 4992.48 5042.70 5108.23 5176.50 5204.40 5256.11 5332.04 5407.64 5437.10 5416.18 5407.87 5448.57 5453.06 5436.27 5367.10 5514.92 5813.43 6102.21 6301.54 6395.94 6582.67 6669.03 6826.02 6993.47 6960.79 6927.12 7005.66 6770.27 6647.28 6479.91 6085.92 4953.65 
	96.70 508.49 1512.86 2030.04 2221.83 2286.95 2250.88 2348.48 2348.30 2251.16 2106.26 2038.60 2022.90 1995.76 2066.01 2111.94 2064.36 2047.37 2029.70 1955.85 1972.43 1962.32 2016.65 2029.20 1968.94 1959.11 1924.96 1847.63 1760.33 1648.65 1555.94 1427.96 1250.32 1083.21 938.00 681.25 350.41 85.49 0.00 0.00 0.00 0.00 0.00 0.00 0.00 0.00 0.00 0.00 0.00 0.00 0.00 0.00 0.00 0.00 -7.21 -100.62 -272.55 -412.99 -484.69 -474.47 -398.08 -317.69 -212.75 -109.81 -105.55 -164.70 -246.65 -239.19 -166.58 -84.65 -11.40 0.00 0.00 0.00 0.00 0.00 0.00 0.00 0.00 0.00 0.00 0.00 0.00 0.00 0.00 0.00 0.00 0.00 0.00 0.39 1.59 2.95 6.33 11.22 14.98 17.33 15.52 8.59 2.43 0.57 1.47 4.50 8.64 9.11 7.95 6.16 7.14 10.45 13.64 19.24 23.63 25.42 27.52 43.88 65.15 89.59 124.23 180.23 240.49 308.23 397.71 515.01 645.07 780.81 924.49 1075.84 1213.52 1338.43 1427.13 1519.26 1581.86 1619.44 1679.20 1727.89 1746.02 1748.63 1743.80 1716.47 1669.96 1641.35 1653.97 1674.28 1730.16 1783.34 1865.99 1956.44 2023.15 2087.88 2176.16 2278.68 2400.61 2598.61 2798.27 2972.27 3124.04 3259.38 3327.27 3338.88 3264.59 3190.51 3180.28 3184.82 3153.52 3139.58 3111.20 3134.49 3182.43 3146.35 3087.57 3193.33 3312.90 3428.56 3533.81 3599.55 3667.18 3822.68 3913.12 3888.12 3875.74 3883.98 3960.14 4061.69 4162.86 4211.25 4320.16 4438.11 4570.96 4753.64 4905.67 5044.50 5224.00 5501.07 5813.09 6009.10 6114.93 6195.71 6314.56 6371.39 6315.78 6110.28 5871.50 5750.52 5634.60 5498.93 5393.32 5321.49 5324.66 5357.85 5351.42 5300.65 5381.80 5470.65 5496.60 5507.55 5589.37 5692.54 5783.69 5789.64 5764.00 5750.60 5800.96 5810.47 5809.74 5737.29 5895.33 6157.64 6360.32 6482.89 6543.17 6660.81 6806.60 7026.45 7332.33 7372.29 7261.84 7309.15 7068.78 6979.05 6874.09 6566.34 5384.51 
	5.42 472.90 1642.70 2200.74 2390.86 2419.42 2384.35 2474.20 2436.63 2373.02 2206.78 2124.22 2172.87 2167.23 2214.55 2270.32 2168.60 2144.67 2118.14 2022.54 1991.71 1938.89 1980.29 1989.39 1922.09 1925.43 1910.20 1829.78 1734.70 1632.64 1588.09 1496.31 1356.07 1222.42 1079.77 823.58 506.47 203.00 6.00 0.00 0.00 0.00 0.00 0.00 0.00 0.00 0.00 0.00 0.00 0.00 0.00 0.00 0.00 0.00 -16.17 -130.71 -285.02 -400.73 -442.35 -426.93 -334.89 -247.76 -179.83 -114.21 -139.78 -207.85 -261.13 -207.52 -145.63 -61.78 -6.76 0.00 0.00 0.00 0.00 0.00 0.00 0.00 0.00 0.00 0.00 0.00 0.00 0.00 0.00 0.00 0.00 0.00 0.00 0.00 0.00 0.00 0.00 0.00 0.00 0.00 0.00 0.00 0.00 0.00 0.00 0.00 0.00 0.00 0.00 0.00 0.00 0.00 0.00 0.00 0.00 0.00 0.00 0.00 8.67 21.76 45.34 90.75 141.33 202.54 285.48 405.33 544.05 698.17 849.42 1010.11 1173.54 1324.28 1451.43 1571.59 1647.77 1674.86 1725.14 1763.73 1771.25 1743.73 1734.92 1714.29 1661.49 1631.97 1648.63 1671.89 1713.87 1772.56 1858.17 1957.18 2045.94 2112.58 2198.33 2307.37 2449.77 2687.38 2886.80 3053.61 3198.56 3344.14 3419.62 3411.56 3313.80 3236.44 3224.65 3221.48 3205.04 3222.26 3196.79 3230.05 3303.58 3257.37 3192.47 3249.80 3376.96 3485.19 3531.26 3588.39 3680.74 3844.04 3930.72 3944.65 3907.11 3874.33 3923.24 4029.88 4133.74 4241.65 4357.22 4499.46 4680.83 4875.66 5070.51 5237.00 5412.64 5666.02 5955.73 6175.70 6283.84 6332.73 6386.98 6461.75 6432.52 6262.93 6073.03 5973.57 5856.79 5741.94 5664.99 5590.61 5606.25 5631.31 5619.21 5596.74 5647.98 5719.06 5740.41 5746.36 5804.31 5932.72 6080.34 6144.88 6129.09 6104.04 6170.32 6204.85 6179.55 6123.42 6223.02 6458.22 6626.17 6686.37 6739.79 6874.16 7103.43 7367.26 7675.64 7640.58 7426.32 7466.75 7282.58 7264.10 7228.59 7007.66 5804.70 
	82.08 625.51 1947.93 2365.79 2454.44 2467.90 2420.00 2466.04 2449.97 2429.01 2320.20 2289.42 2292.84 2311.44 2390.51 2409.11 2276.18 2240.53 2222.74 2107.42 2065.90 1959.06 2008.40 2031.04 1965.25 1924.39 1880.58 1792.91 1719.72 1626.01 1592.35 1569.87 1447.55 1367.49 1208.66 946.64 660.07 325.05 34.63 0.00 0.00 0.00 0.00 0.00 0.00 0.00 0.00 0.00 0.00 0.00 0.00 0.00 0.00 0.00 -13.30 -112.80 -217.04 -301.02 -296.73 -257.17 -230.12 -187.84 -183.98 -166.09 -166.88 -199.43 -216.20 -164.43 -95.08 -25.40 0.00 0.00 0.00 0.00 0.00 0.00 0.00 0.00 0.00 0.00 0.00 0.00 0.00 0.00 0.00 0.00 0.00 0.00 0.00 0.00 0.00 0.00 0.00 0.00 0.00 0.00 0.00 0.00 0.00 0.00 0.00 0.00 0.00 0.00 0.00 0.00 0.00 0.00 0.00 0.00 0.00 0.00 0.00 0.00 0.00 0.00 5.34 32.74 71.73 116.88 192.27 321.76 478.19 644.32 818.22 993.88 1178.39 1352.54 1503.24 1615.03 1701.51 1746.63 1789.96 1802.73 1779.44 1731.03 1723.66 1704.45 1671.00 1639.47 1659.20 1681.67 1717.06 1785.20 1879.66 1975.72 2069.91 2148.98 2269.03 2372.71 2527.40 2794.52 3019.87 3184.03 3325.94 3481.43 3543.75 3520.33 3406.93 3311.92 3279.69 3289.55 3294.11 3322.76 3317.40 3364.60 3449.11 3395.43 3310.23 3333.83 3462.15 3556.02 3618.59 3639.38 3732.82 3867.50 3972.04 4019.54 3991.56 3949.73 3995.15 4065.58 4168.50 4292.45 4434.30 4632.22 4856.79 5047.14 5237.89 5388.03 5567.07 5824.76 6070.56 6276.83 6385.46 6425.76 6418.94 6504.13 6515.82 6359.80 6217.86 6153.67 6078.59 6015.20 5934.65 5867.78 5854.39 5894.79 5912.35 5901.91 5949.41 6031.65 6055.48 6052.42 6067.97 6174.65 6362.23 6459.47 6462.23 6438.19 6501.73 6550.38 6555.98 6511.29 6512.17 6695.15 6863.92 6901.71 6956.18 7130.43 7386.16 7610.25 7874.85 7824.02 7536.45 7602.54 7448.92 7445.03 7491.20 7344.94 6167.11 
	38.25 706.98 2032.02 2440.82 2477.31 2479.50 2472.05 2571.07 2554.03 2549.97 2434.26 2419.81 2397.04 2420.33 2434.19 2416.94 2296.61 2308.79 2324.11 2197.08 2186.76 2097.68 2110.91 2093.93 1979.57 1916.80 1902.38 1858.84 1797.03 1691.90 1672.48 1606.26 1435.85 1312.71 1188.70 1012.45 755.32 433.96 66.96 0.00 0.00 0.00 0.00 0.00 0.00 0.00 0.00 0.00 0.00 0.00 0.00 0.00 0.00 0.00 -2.83 -65.81 -125.20 -152.57 -146.74 -142.36 -165.64 -183.00 -179.08 -151.96 -145.48 -161.49 -121.34 -70.11 -21.56 -0.48 0.00 0.00 0.00 0.00 0.00 0.00 0.00 0.00 0.00 0.00 0.00 0.00 0.00 0.00 0.00 0.00 0.00 0.00 0.00 0.00 0.00 0.00 0.00 0.00 0.00 0.00 0.00 0.00 0.00 0.00 0.00 0.00 0.00 0.00 0.00 0.00 0.00 0.00 0.00 0.00 0.00 0.00 0.00 0.00 0.00 0.00 0.54 14.01 45.18 82.62 149.23 270.07 438.85 627.77 816.75 1018.65 1216.11 1399.02 1546.37 1663.96 1744.18 1788.40 1822.18 1831.61 1785.51 1710.69 1706.99 1704.51 1695.34 1656.72 1679.82 1700.06 1735.65 1818.08 1916.03 2005.80 2087.71 2175.24 2304.36 2399.51 2568.92 2865.09 3125.46 3296.18 3448.64 3608.29 3669.64 3626.25 3483.43 3391.60 3381.23 3396.02 3414.22 3447.14 3456.65 3503.66 3609.86 3550.18 3469.94 3463.61 3580.05 3684.97 3726.36 3751.86 3821.99 3967.12 4053.24 4047.42 4035.71 4008.77 4031.22 4102.58 4216.65 4351.02 4514.80 4724.73 4957.37 5146.27 5295.87 5466.54 5666.09 5952.68 6199.88 6382.92 6471.50 6486.15 6465.47 6527.80 6537.72 6417.32 6328.48 6277.42 6247.35 6200.15 6183.22 6133.15 6143.65 6227.51 6272.77 6257.02 6289.15 6362.54 6406.34 6416.12 6418.18 6466.74 6622.86 6742.10 6753.05 6739.05 6756.76 6794.32 6786.58 6765.31 6786.50 6894.17 7062.01 7088.04 7144.07 7322.00 7580.55 7765.69 8012.08 7962.19 7640.98 7624.98 7528.38 7560.79 7662.24 7593.26 6474.23 
	-10.87 682.65 2050.74 2421.82 2449.99 2447.07 2544.26 2721.20 2673.43 2616.05 2483.13 2418.64 2439.85 2443.65 2437.81 2408.25 2303.49 2365.94 2356.07 2233.03 2254.34 2181.83 2165.96 2117.43 1976.35 1915.67 1923.81 1893.30 1825.08 1678.88 1721.98 1594.57 1285.54 1092.92 1052.87 1019.53 822.33 501.16 105.78 0.00 0.00 0.00 0.00 0.00 0.00 0.00 0.00 0.00 0.00 0.00 0.00 0.00 0.00 0.00 0.00 -19.90 -57.02 -62.95 -48.37 -59.19 -95.78 -143.57 -146.36 -109.40 -69.74 -41.25 -16.13 -0.33 0.00 0.00 0.00 0.00 0.00 0.00 0.00 0.00 0.00 0.00 0.00 0.00 0.00 0.00 0.00 0.00 0.00 0.00 0.00 0.00 0.00 0.00 0.00 0.00 0.00 0.00 0.00 0.00 0.00 0.00 0.00 0.00 0.00 0.00 0.00 0.00 0.00 0.00 0.00 0.00 0.00 0.00 0.00 0.00 0.00 0.00 0.00 0.00 0.00 3.14 23.17 54.20 117.80 230.74 410.84 616.37 814.86 1033.39 1239.57 1425.30 1589.89 1699.99 1767.06 1803.91 1836.20 1828.30 1788.46 1715.35 1714.60 1728.42 1712.56 1661.74 1684.67 1718.52 1776.55 1866.70 1945.91 2014.22 2083.84 2191.66 2314.61 2432.21 2616.82 2907.63 3176.80 3383.35 3556.42 3728.70 3769.99 3680.83 3519.10 3494.23 3514.65 3574.00 3596.01 3606.03 3599.41 3637.95 3733.22 3701.60 3646.39 3644.74 3757.60 3868.60 3923.92 3926.92 3982.23 4098.72 4151.27 4106.25 4013.39 3981.11 4029.36 4113.63 4231.89 4378.36 4564.91 4775.10 4977.25 5142.73 5310.64 5552.03 5761.61 6017.33 6299.09 6450.66 6506.81 6516.73 6550.43 6640.54 6656.58 6557.25 6462.79 6454.90 6429.74 6433.49 6420.47 6398.48 6420.86 6492.54 6535.96 6497.41 6488.19 6629.61 6701.81 6714.86 6707.78 6758.93 6871.49 6975.70 6989.79 6987.02 6990.15 6999.02 6995.76 7031.04 7072.82 7139.34 7265.86 7277.75 7337.52 7500.68 7720.56 7876.27 8111.06 8110.32 7755.21 7669.43 7589.59 7604.83 7762.03 7735.96 6670.19 
	164.68 867.41 2049.41 2396.86 2453.24 2481.87 2592.85 2695.97 2639.28 2574.87 2452.92 2401.85 2406.05 2370.85 2356.17 2336.82 2259.44 2342.47 2340.93 2227.19 2267.63 2186.68 2138.37 2083.36 1959.68 1865.76 1884.70 1900.03 1877.26 1720.52 1697.27 1570.41 1218.38 953.86 969.05 1023.81 869.33 533.26 153.18 0.00 0.00 0.00 0.00 0.00 0.00 0.00 0.00 0.00 0.00 0.00 0.00 0.00 0.00 0.00 0.00 0.00 -10.73 -25.60 -26.66 -30.11 -56.71 -65.95 -43.97 -23.84 -7.78 0.00 0.00 0.00 0.00 0.00 0.00 0.00 0.00 0.00 0.00 0.00 0.00 0.00 0.00 0.00 0.00 0.00 0.00 0.00 0.00 0.00 0.00 0.00 0.00 0.00 0.00 0.00 0.00 0.00 0.00 0.00 0.00 0.00 0.00 0.00 0.00 0.00 0.00 0.00 0.00 0.00 0.00 0.00 0.00 0.00 0.00 0.00 0.00 0.00 0.00 0.00 0.00 0.00 4.20 25.39 81.38 198.81 378.13 582.47 797.93 1027.02 1249.70 1452.54 1629.44 1735.05 1794.03 1816.61 1850.64 1839.31 1791.61 1724.45 1724.48 1733.94 1726.95 1687.03 1684.04 1735.81 1828.36 1912.90 1976.82 2033.04 2106.23 2228.20 2371.79 2511.42 2685.74 2949.96 3204.12 3432.95 3629.71 3774.23 3778.86 3677.04 3580.44 3578.86 3640.51 3705.17 3714.91 3718.67 3705.73 3735.05 3814.88 3785.78 3750.16 3772.38 3908.18 4031.25 4093.06 4076.97 4122.05 4204.01 4205.14 4125.61 4026.67 3973.97 4036.22 4139.22 4288.06 4425.18 4599.18 4787.30 4959.39 5134.07 5366.60 5571.40 5754.75 5996.70 6262.80 6416.40 6477.83 6500.85 6587.17 6728.35 6797.02 6740.09 6690.66 6699.67 6716.76 6723.00 6722.71 6667.01 6666.08 6761.38 6830.88 6762.31 6727.33 6874.20 7020.88 7036.15 7017.11 7071.59 7181.39 7306.39 7341.60 7314.73 7290.53 7288.06 7274.87 7336.95 7380.01 7413.38 7496.15 7516.34 7580.64 7705.46 7873.15 7957.99 8208.20 8205.80 7851.78 7666.73 7607.77 7646.46 7862.35 7843.34 6847.02 
	74.43 827.81 2025.17 2354.08 2448.29 2496.64 2653.03 2734.53 2678.26 2665.60 2534.90 2428.86 2328.36 2284.77 2285.17 2317.29 2236.44 2314.34 2363.66 2298.38 2314.05 2204.38 2129.31 2019.66 1856.75 1754.20 1794.76 1856.83 1876.20 1758.06 1672.98 1550.69 1238.84 976.62 987.95 1036.98 909.09 577.69 205.37 0.00 0.00 0.00 0.00 0.00 0.00 0.00 0.00 0.00 0.00 0.00 0.00 0.00 0.00 0.00 0.00 0.00 0.00 0.00 -7.52 -12.65 -10.29 -1.73 0.00 0.00 0.00 0.00 0.00 0.00 0.00 0.00 0.00 0.00 0.00 0.00 0.00 0.00 0.00 0.00 0.00 0.00 0.00 0.00 0.00 0.00 0.00 0.00 0.00 0.00 0.00 0.00 0.00 0.00 0.00 0.00 0.00 0.00 0.00 0.00 0.00 0.00 0.00 0.00 0.00 0.00 0.00 0.00 0.00 0.00 0.00 0.00 0.00 0.00 0.00 0.00 0.00 0.00 0.00 0.00 0.00 3.65 46.32 174.57 349.15 549.08 759.33 997.94 1234.25 1467.89 1663.74 1776.10 1822.42 1834.64 1867.86 1846.63 1764.91 1688.33 1695.70 1717.65 1724.76 1705.23 1688.17 1759.28 1852.12 1939.96 1996.08 2044.90 2122.02 2257.77 2399.57 2554.18 2711.89 2969.11 3216.35 3431.24 3591.27 3727.81 3745.96 3666.70 3639.54 3650.78 3714.33 3760.06 3763.31 3755.46 3733.60 3784.20 3852.84 3860.00 3824.93 3854.53 3998.66 4132.71 4200.57 4198.93 4246.09 4299.50 4270.53 4196.47 4098.97 4020.55 4030.63 4163.46 4339.12 4488.76 4633.19 4765.89 4954.23 5147.48 5376.06 5584.06 5705.40 5928.97 6185.74 6396.47 6532.64 6601.38 6742.52 6946.17 7036.89 6988.33 6918.87 6944.91 7001.54 7024.68 6968.25 6875.63 6893.54 6980.48 7065.53 7015.57 6942.70 7064.98 7260.95 7322.39 7329.54 7382.15 7497.61 7658.57 7736.47 7708.49 7597.24 7582.00 7551.61 7581.46 7572.42 7628.61 7679.07 7671.47 7762.67 7873.56 7969.06 8022.34 8242.58 8226.58 7890.13 7676.83 7645.57 7685.87 7919.91 7922.61 6997.99 
	47.21 796.56 2027.42 2271.25 2332.73 2414.59 2617.57 2656.79 2636.29 2676.21 2588.08 2495.20 2387.05 2337.19 2348.53 2403.42 2298.64 2375.96 2437.12 2345.81 2333.35 2215.98 2102.00 2002.55 1842.54 1705.79 1742.34 1787.92 1803.37 1739.88 1648.80 1557.28 1336.41 1075.28 1027.59 1068.01 975.94 632.25 257.75 0.00 0.00 0.00 0.00 0.00 0.00 0.00 0.00 0.00 0.00 0.00 0.00 0.00 0.00 0.00 0.00 0.00 0.00 0.00 0.00 0.00 0.00 0.00 0.00 0.00 0.00 0.00 0.00 0.00 0.00 0.00 0.00 0.00 0.00 0.00 0.00 0.00 0.00 0.00 0.00 0.00 0.00 0.00 0.00 0.00 0.00 0.00 0.00 0.00 0.00 0.00 0.00 0.00 0.00 0.00 0.00 0.00 0.00 0.00 0.00 0.00 0.00 0.00 0.00 0.00 0.00 0.00 0.00 0.00 0.00 0.00 0.00 0.00 0.00 0.00 0.00 0.00 0.00 0.00 0.00 0.35 36.91 160.84 333.67 525.61 726.14 945.31 1199.58 1460.78 1679.13 1808.80 1868.35 1877.89 1896.88 1851.91 1748.45 1658.55 1666.36 1708.49 1731.50 1703.91 1704.08 1753.69 1860.06 1954.04 2014.19 2059.26 2140.11 2288.96 2439.35 2594.45 2748.82 2977.78 3208.45 3418.95 3552.80 3691.71 3721.61 3684.21 3668.36 3689.51 3743.28 3759.33 3754.86 3752.87 3729.02 3770.37 3869.91 3885.29 3853.57 3904.84 4070.31 4201.24 4258.13 4263.02 4319.80 4377.96 4353.57 4259.18 4144.61 4045.77 4039.73 4170.73 4358.18 4517.23 4676.31 4810.95 4963.41 5116.06 5343.65 5555.72 5671.39 5905.70 6192.33 6459.40 6624.98 6682.57 6836.27 7093.65 7246.74 7192.11 7124.90 7198.95 7314.41 7332.51 7229.47 7121.32 7147.89 7188.41 7243.45 7198.08 7125.59 7208.35 7389.13 7527.23 7537.37 7594.70 7719.58 7890.76 7996.40 7974.82 7842.98 7763.71 7739.00 7721.97 7718.89 7749.00 7750.69 7749.27 7872.71 7957.79 8014.82 8051.33 8241.93 8208.04 7887.14 7599.84 7627.93 7704.13 7962.55 7958.26 7093.35 
	64.39 636.86 1862.73 2171.94 2266.93 2341.17 2509.44 2522.79 2497.96 2514.03 2506.79 2477.52 2411.44 2394.19 2376.38 2428.85 2329.85 2420.73 2475.01 2403.60 2371.24 2316.93 2213.40 2089.11 1878.48 1718.90 1700.41 1712.14 1724.10 1689.61 1586.62 1536.07 1372.17 1118.67 1037.60 1101.02 1041.09 692.71 310.92 5.95 0.00 0.00 0.00 0.00 0.00 0.00 0.00 0.00 0.00 0.00 0.00 0.00 0.00 0.00 0.00 0.00 0.00 0.00 0.00 0.00 0.00 0.00 0.00 0.00 0.00 0.00 0.00 0.00 0.00 0.00 0.00 0.00 0.00 0.00 0.00 0.00 0.00 0.00 0.00 0.00 0.00 0.00 0.00 0.00 0.00 0.00 0.00 0.00 0.00 0.00 0.00 0.00 0.00 0.00 0.00 0.00 0.00 0.00 0.00 0.00 0.00 0.00 0.00 0.00 0.00 0.00 0.00 0.00 0.00 0.00 0.00 0.00 0.00 0.00 0.00 0.00 0.00 0.00 0.00 0.00 38.77 174.63 348.42 540.63 732.59 939.51 1207.06 1475.16 1670.74 1794.17 1848.61 1857.73 1888.18 1855.97 1750.01 1638.68 1652.19 1698.42 1723.11 1706.69 1707.41 1756.47 1858.85 1962.57 2035.17 2088.24 2172.79 2324.71 2481.26 2633.82 2760.26 2983.95 3206.50 3391.05 3532.47 3681.07 3700.61 3706.64 3692.17 3700.18 3738.32 3762.32 3762.26 3751.71 3734.18 3740.25 3828.09 3868.52 3853.94 3925.66 4098.17 4252.84 4352.12 4333.68 4351.70 4391.90 4374.85 4282.06 4156.17 4061.03 4017.97 4107.35 4327.35 4517.06 4672.19 4799.74 4942.00 5106.02 5303.22 5539.35 5662.14 5925.30 6246.45 6529.27 6726.98 6795.79 6907.03 7212.94 7387.81 7334.96 7278.04 7349.38 7455.90 7476.44 7356.22 7204.71 7281.41 7309.66 7357.54 7326.93 7255.22 7329.65 7526.41 7668.82 7659.18 7701.45 7818.06 7974.95 8068.47 8081.98 7932.25 7819.45 7817.59 7790.98 7772.11 7799.44 7769.73 7748.93 7850.71 7952.22 7973.88 8041.95 8201.07 8151.27 7809.69 7542.14 7602.86 7745.67 8015.93 7974.68 7132.17 
	-25.88 460.90 1710.44 2130.61 2207.12 2288.90 2372.52 2401.60 2426.18 2511.63 2511.53 2524.44 2464.30 2428.55 2429.50 2393.30 2309.13 2387.48 2500.03 2458.34 2458.21 2373.75 2260.50 2114.97 1898.79 1709.08 1654.49 1674.76 1715.62 1686.19 1537.42 1479.82 1366.64 1133.45 1044.51 1126.57 1079.72 757.91 365.27 30.99 0.00 0.00 0.00 0.00 0.00 0.00 0.00 0.00 0.00 0.00 0.00 0.00 0.00 0.00 0.00 0.00 0.00 0.00 0.00 0.00 0.00 0.00 0.00 0.00 0.00 0.00 0.00 0.00 0.00 0.00 0.00 0.00 0.00 0.00 0.00 0.00 0.00 0.00 0.00 0.00 0.00 0.00 0.00 0.00 0.00 0.00 0.00 0.00 0.00 0.00 0.00 0.00 0.00 0.00 0.00 0.00 0.00 0.00 0.00 0.00 0.00 0.00 0.00 0.00 0.00 0.00 0.00 0.00 0.00 0.00 0.00 0.00 0.00 0.00 0.00 0.00 0.00 0.00 0.00 0.00 39.62 181.85 360.27 553.25 746.06 936.21 1206.44 1479.65 1651.69 1747.60 1796.61 1817.97 1858.82 1837.43 1713.41 1591.97 1632.15 1678.08 1699.47 1684.79 1694.43 1750.21 1859.14 1973.37 2055.31 2127.25 2220.31 2364.61 2517.98 2676.20 2797.80 3001.49 3192.90 3343.48 3482.97 3616.67 3649.74 3675.62 3687.98 3692.50 3729.17 3751.73 3771.47 3787.53 3762.11 3702.19 3803.38 3845.94 3850.09 3938.32 4125.58 4284.05 4423.07 4447.72 4392.35 4386.18 4364.44 4270.00 4180.47 4070.89 4006.40 4093.40 4299.04 4504.89 4643.76 4809.22 4960.65 5128.97 5319.30 5522.61 5684.00 5961.67 6319.23 6614.34 6816.53 6876.67 7003.90 7301.38 7455.64 7391.22 7308.17 7331.54 7436.10 7456.50 7349.75 7179.49 7258.72 7349.67 7395.62 7413.36 7358.92 7409.58 7614.41 7767.71 7761.75 7792.56 7917.08 8012.45 8075.06 8094.97 7997.86 7864.65 7843.71 7847.23 7860.17 7875.20 7824.40 7804.70 7846.04 7950.02 7942.11 7980.06 8053.49 7992.06 7679.77 7506.74 7625.66 7798.52 8079.49 7975.65 7112.22 
	42.34 568.28 1825.32 2078.71 2105.24 2226.43 2341.93 2355.11 2365.06 2517.42 2510.37 2495.88 2444.19 2426.38 2445.24 2391.01 2284.92 2408.92 2519.72 2496.72 2493.01 2381.05 2288.59 2129.72 1908.68 1696.86 1627.97 1656.87 1715.70 1677.65 1495.26 1415.27 1347.64 1147.01 1034.68 1126.22 1111.48 826.04 420.76 66.12 0.00 0.00 0.00 0.00 0.00 0.00 0.00 0.00 0.00 0.00 0.00 0.00 0.00 0.00 0.00 0.00 0.00 0.00 0.00 0.00 0.00 0.00 0.00 0.00 0.00 0.00 0.00 0.00 0.00 0.00 0.00 0.00 0.00 0.00 0.00 0.00 0.00 0.00 0.00 0.00 0.00 0.00 0.00 0.00 0.00 0.00 0.00 0.00 0.00 0.00 0.00 0.00 0.00 0.00 0.00 0.00 0.00 0.00 0.00 0.00 0.00 0.00 0.00 0.00 0.00 0.00 0.00 0.00 0.00 0.00 0.00 0.00 0.00 0.00 0.00 0.00 0.00 0.00 0.00 0.00 40.02 183.56 365.58 559.83 757.41 950.52 1211.17 1485.03 1651.09 1739.50 1772.68 1790.57 1821.32 1794.90 1670.42 1559.52 1605.44 1645.24 1661.56 1655.19 1665.86 1738.02 1870.62 1979.02 2073.17 2181.14 2296.73 2429.98 2569.85 2712.35 2831.01 3011.92 3153.03 3273.00 3395.14 3512.47 3575.70 3627.71 3634.44 3667.88 3711.43 3775.27 3818.99 3832.84 3777.03 3689.96 3775.07 3809.12 3823.38 3927.48 4129.06 4294.84 4423.08 4456.97 4395.39 4361.53 4334.82 4274.31 4201.39 4096.78 4052.09 4128.76 4334.72 4498.32 4632.49 4791.48 4951.47 5135.93 5319.02 5513.42 5682.10 5991.35 6370.32 6667.22 6838.79 6904.82 7023.61 7308.82 7454.01 7397.83 7291.75 7275.12 7339.29 7389.65 7316.29 7166.79 7243.12 7350.85 7405.58 7421.98 7421.06 7491.35 7648.49 7809.33 7852.88 7891.42 8001.62 8067.29 8136.20 8164.50 8061.10 7950.20 7984.73 7995.91 8047.48 8097.34 8044.32 7966.19 7923.51 7934.11 7873.86 7829.72 7860.08 7822.12 7534.16 7444.60 7614.44 7819.18 8096.17 7939.57 7024.20 
	129.96 813.51 1860.13 2075.29 2123.90 2255.03 2379.13 2370.36 2347.56 2421.11 2414.61 2433.49 2410.84 2458.55 2486.10 2431.37 2310.65 2411.95 2510.30 2503.14 2492.57 2449.70 2323.00 2164.30 1893.24 1682.68 1612.19 1623.76 1660.17 1652.34 1471.29 1388.01 1311.81 1158.82 1041.76 1127.20 1135.71 881.28 477.22 108.44 0.00 0.00 0.00 0.00 0.00 0.00 0.00 0.00 0.00 0.00 0.00 0.00 0.00 0.00 0.00 0.00 0.00 0.00 0.00 0.00 0.00 0.00 0.00 0.00 0.00 0.00 0.00 0.00 0.00 0.00 0.00 0.00 0.00 0.00 0.00 0.00 0.00 0.00 0.00 0.00 0.00 0.00 0.00 0.00 0.00 0.00 0.00 0.00 0.00 0.00 0.00 0.00 0.00 0.00 0.00 0.00 0.00 0.00 0.00 0.00 0.00 0.00 0.00 0.00 0.00 0.00 0.00 0.00 0.00 0.00 0.00 0.00 0.00 0.00 0.00 0.00 0.00 0.00 0.00 0.00 36.98 180.22 363.07 565.83 762.29 953.81 1204.89 1471.06 1645.26 1731.51 1758.85 1761.60 1775.63 1737.82 1621.45 1523.62 1565.62 1603.47 1619.10 1605.25 1630.46 1728.39 1889.26 2003.08 2092.51 2225.74 2356.16 2498.35 2623.90 2757.50 2876.91 3035.73 3140.69 3229.07 3322.87 3452.46 3511.74 3582.01 3579.36 3584.11 3686.33 3804.99 3841.56 3838.74 3764.77 3666.79 3735.07 3765.04 3794.82 3915.38 4118.12 4273.98 4422.80 4428.94 4368.15 4335.05 4322.44 4265.67 4186.16 4085.49 4049.32 4156.10 4329.64 4464.27 4612.11 4753.65 4915.60 5094.75 5275.90 5454.13 5630.86 5919.49 6275.11 6602.24 6812.29 6894.88 7020.79 7293.15 7463.20 7419.73 7344.01 7294.22 7283.33 7316.23 7272.70 7181.31 7241.44 7326.65 7350.02 7407.59 7454.58 7524.25 7662.69 7806.73 7902.73 7943.24 8044.83 8102.91 8183.37 8200.09 8139.09 8051.82 8088.06 8161.74 8270.39 8304.69 8237.40 8125.51 7987.84 7894.31 7751.38 7691.69 7692.80 7651.37 7451.33 7401.67 7580.71 7802.02 8036.13 7823.95 6904.17 
	44.63 766.14 1962.26 2180.59 2201.02 2315.03 2360.32 2311.14 2290.52 2397.71 2407.29 2425.04 2443.31 2439.11 2486.44 2471.94 2367.29 2448.31 2564.14 2531.56 2557.36 2440.99 2330.82 2137.80 1843.07 1624.97 1574.02 1575.98 1616.45 1607.70 1433.40 1336.47 1270.22 1163.23 1052.66 1129.43 1150.59 927.35 534.49 156.39 0.00 0.00 0.00 0.00 0.00 0.00 0.00 0.00 0.00 0.00 0.00 0.00 0.00 0.00 0.00 0.00 0.00 0.00 0.00 0.00 0.00 0.00 0.00 0.00 0.00 0.00 0.00 0.00 0.00 0.00 0.00 0.00 0.00 0.00 0.00 0.00 0.00 0.00 0.00 0.00 0.00 0.00 0.00 0.00 0.00 0.00 0.00 0.00 0.00 0.00 0.00 0.00 0.00 0.00 0.00 0.00 0.00 0.00 0.00 0.00 0.00 0.00 0.00 0.00 0.00 0.00 0.00 0.00 0.00 0.00 0.00 0.00 0.00 0.00 0.00 0.00 0.00 0.00 0.00 0.00 30.96 175.93 359.67 555.76 753.34 942.26 1180.59 1445.42 1617.72 1703.64 1727.92 1725.63 1729.05 1681.70 1564.36 1479.30 1520.35 1559.75 1567.20 1560.20 1602.11 1724.52 1877.45 2005.26 2106.75 2250.03 2403.01 2548.19 2658.12 2789.85 2894.98 3041.49 3122.57 3185.44 3265.74 3401.07 3465.81 3515.69 3525.26 3557.20 3688.16 3786.31 3829.26 3811.64 3742.89 3634.54 3699.55 3750.34 3760.46 3887.89 4093.63 4290.82 4409.93 4399.17 4351.40 4344.51 4298.50 4228.54 4127.26 4029.31 4019.34 4150.05 4296.07 4394.75 4552.17 4688.78 4815.96 4974.58 5162.93 5363.53 5547.63 5859.10 6195.41 6487.49 6740.76 6881.00 7011.73 7231.46 7390.10 7365.73 7302.42 7264.40 7232.46 7241.83 7209.66 7175.04 7229.75 7291.78 7314.16 7395.74 7476.29 7554.77 7658.37 7788.03 7908.76 7977.08 8093.86 8163.71 8179.07 8204.46 8179.34 8122.13 8168.29 8282.99 8373.17 8362.47 8304.36 8172.18 8017.85 7880.14 7700.52 7595.40 7608.49 7554.14 7399.32 7308.71 7469.57 7685.06 7944.20 7670.90 6760.16 
	93.89 866.95 1971.39 2224.55 2236.67 2294.60 2330.30 2353.50 2382.92 2403.94 2420.94 2472.50 2421.32 2369.71 2412.69 2482.19 2404.74 2485.81 2576.21 2566.48 2586.50 2451.87 2316.49 2092.50 1795.46 1546.21 1510.05 1501.70 1552.90 1575.09 1430.89 1280.91 1215.76 1154.78 1052.08 1113.75 1152.06 965.50 592.38 208.73 0.00 0.00 0.00 0.00 0.00 0.00 0.00 0.00 0.00 0.00 0.00 0.00 0.00 0.00 0.00 0.00 0.00 0.00 0.00 0.00 0.00 0.00 0.00 0.00 0.00 0.00 0.00 0.00 0.00 0.00 0.00 0.00 0.00 0.00 0.00 0.00 0.00 0.00 0.00 0.00 0.00 0.00 0.00 0.00 0.00 0.00 0.00 0.00 0.00 0.00 0.00 0.00 0.00 0.00 0.00 0.00 0.00 0.00 0.00 0.00 0.00 0.00 0.00 0.00 0.00 0.00 0.00 0.00 0.00 0.00 0.00 0.00 0.00 0.00 0.00 0.00 0.00 0.00 0.00 0.00 26.73 165.98 347.66 537.61 729.25 912.84 1152.22 1405.29 1572.10 1657.45 1681.65 1676.04 1679.76 1622.39 1508.39 1428.28 1475.45 1516.05 1525.64 1522.09 1578.95 1719.89 1867.80 1994.54 2109.00 2265.82 2426.22 2561.00 2669.79 2769.43 2876.19 3034.35 3101.65 3137.58 3228.14 3373.33 3447.59 3484.61 3476.23 3521.24 3667.96 3758.84 3789.60 3751.16 3675.00 3591.49 3638.43 3705.48 3744.94 3883.98 4084.07 4279.98 4422.36 4396.57 4347.87 4361.08 4311.56 4215.50 4095.00 3994.16 4009.95 4166.51 4303.36 4361.36 4489.10 4582.57 4689.17 4873.79 5060.90 5271.68 5496.83 5803.16 6120.73 6392.26 6675.02 6847.64 7001.07 7161.58 7303.44 7321.10 7281.06 7267.86 7236.37 7232.99 7226.90 7219.10 7271.18 7312.00 7342.22 7402.12 7463.30 7540.06 7604.89 7676.02 7784.66 7871.38 7987.71 8045.90 8024.02 8047.12 8101.97 8092.54 8126.88 8256.63 8343.70 8304.02 8228.37 8126.04 7936.43 7830.22 7693.34 7576.09 7551.24 7515.04 7442.13 7349.86 7456.85 7605.15 7792.25 7476.77 6579.93 
	138.62 929.29 1963.64 2228.49 2273.85 2300.02 2332.31 2324.39 2385.78 2444.90 2420.72 2526.43 2440.50 2359.71 2494.90 2534.20 2441.92 2517.21 2573.86 2528.62 2534.59 2420.10 2284.90 2111.98 1804.08 1559.45 1457.21 1425.01 1474.41 1507.10 1395.60 1254.02 1185.71 1156.73 1061.05 1094.10 1136.30 997.78 648.65 261.11 0.00 0.00 0.00 0.00 0.00 0.00 0.00 0.00 0.00 0.00 0.00 0.00 0.00 0.00 0.00 0.00 0.00 0.00 0.00 0.00 0.00 0.00 0.00 0.00 0.00 0.00 0.00 0.00 0.00 0.00 0.00 0.00 0.00 0.00 0.00 0.00 0.00 0.00 0.00 0.00 0.00 0.00 0.00 0.00 0.00 0.00 0.00 0.00 0.00 0.00 0.00 0.00 0.00 0.00 0.00 0.00 0.00 0.00 0.00 0.00 0.00 0.00 0.00 0.00 0.00 0.00 0.00 0.00 0.00 0.00 0.00 0.00 0.00 0.00 0.00 0.00 0.00 0.00 0.00 0.00 26.35 154.38 324.66 512.59 691.96 868.58 1108.61 1350.40 1515.80 1600.71 1627.39 1618.02 1623.85 1575.68 1463.40 1384.61 1430.79 1473.18 1483.09 1490.51 1565.21 1712.85 1866.60 1983.80 2103.61 2253.10 2431.09 2558.35 2647.69 2725.44 2809.51 2958.71 3020.38 3057.64 3151.28 3316.83 3398.03 3407.70 3408.14 3467.24 3612.00 3709.53 3732.61 3685.57 3625.55 3556.72 3597.46 3624.15 3692.16 3864.13 4082.94 4298.57 4406.89 4389.47 4345.48 4398.00 4378.41 4242.64 4115.25 4001.10 4024.44 4171.97 4269.57 4316.29 4429.67 4553.56 4691.85 4842.03 5004.07 5195.24 5448.19 5715.58 6028.86 6310.90 6573.23 6797.02 6965.34 7063.41 7147.12 7183.34 7188.95 7197.30 7208.14 7176.93 7197.20 7198.60 7234.66 7242.61 7248.65 7328.87 7411.29 7467.65 7496.22 7504.18 7571.02 7666.46 7749.04 7801.00 7803.47 7830.48 7913.33 7944.19 7970.67 8093.83 8190.92 8152.15 8136.78 8033.22 7870.54 7798.24 7685.65 7616.20 7654.91 7629.42 7522.03 7411.06 7501.28 7589.95 7675.82 7283.30 6406.72 
	40.25 877.83 1964.17 2182.13 2243.56 2274.38 2256.14 2219.98 2326.38 2417.12 2382.19 2468.69 2403.32 2453.84 2642.58 2697.13 2515.86 2542.79 2521.78 2419.04 2475.98 2387.84 2247.18 2044.22 1773.38 1525.49 1434.01 1380.36 1411.66 1443.92 1367.42 1210.85 1173.76 1173.72 1081.38 1048.08 1072.23 980.54 676.44 306.27 7.14 0.00 0.00 0.00 0.00 0.00 0.00 0.00 0.00 0.00 0.00 0.00 0.00 0.00 0.00 0.00 0.00 0.00 0.00 0.00 0.00 0.00 0.00 0.00 0.00 0.00 0.00 0.00 0.00 0.00 0.00 0.00 0.00 0.00 0.00 0.00 0.00 0.00 0.00 0.00 0.00 0.00 0.00 0.00 0.00 0.00 0.00 0.00 0.00 0.00 0.00 0.00 0.00 0.00 0.00 0.00 0.00 0.00 0.00 0.00 0.00 0.00 0.00 0.00 0.00 0.00 0.00 0.00 0.00 0.00 0.00 0.00 0.00 0.00 0.00 0.00 0.00 0.00 0.00 0.00 26.01 142.48 299.66 471.36 647.23 825.82 1067.85 1309.60 1464.43 1535.87 1551.88 1545.50 1556.29 1516.75 1416.19 1342.46 1383.86 1430.41 1452.89 1463.38 1549.49 1702.71 1853.80 1967.95 2067.12 2217.50 2401.94 2526.35 2587.73 2655.12 2734.45 2825.03 2874.53 2925.51 3003.33 3174.11 3262.36 3299.76 3303.37 3384.00 3526.91 3638.01 3654.48 3611.66 3558.09 3504.88 3542.12 3531.54 3569.35 3752.55 4033.69 4264.16 4389.38 4375.90 4333.18 4388.56 4383.93 4271.16 4143.35 4034.91 4038.44 4171.63 4238.66 4249.42 4367.64 4488.51 4633.14 4774.99 4920.57 5136.27 5369.68 5616.76 5927.71 6187.62 6448.67 6671.75 6823.10 6875.72 6934.36 6987.90 7043.92 7064.85 7084.43 7081.07 7096.39 7089.93 7133.13 7128.14 7106.27 7216.86 7322.54 7401.70 7392.85 7362.38 7428.24 7489.23 7555.30 7592.21 7619.71 7654.53 7729.23 7806.05 7829.88 7964.80 8063.10 8034.94 8010.79 7942.72 7791.36 7755.06 7715.96 7678.71 7716.05 7725.01 7567.67 7430.41 7495.30 7563.46 7564.78 7188.23 6274.94 
	95.25 836.78 1904.63 2138.68 2154.58 2164.41 2151.48 2242.68 2298.42 2240.37 2313.05 2390.62 2399.39 2492.51 2727.25 2708.80 2518.99 2489.14 2458.69 2323.52 2357.73 2283.73 2193.84 2045.81 1768.38 1536.71 1467.84 1411.59 1434.25 1452.35 1384.28 1217.27 1151.19 1179.39 1087.48 992.52 996.34 924.68 659.71 322.64 31.51 0.00 0.00 0.00 0.00 0.00 0.00 0.00 0.00 0.00 0.00 0.00 0.00 0.00 0.00 0.00 0.00 0.00 0.00 0.00 0.00 0.00 0.00 0.00 0.00 0.00 0.00 0.00 0.00 0.00 0.00 0.00 0.00 0.00 0.00 0.00 0.00 0.00 0.00 0.00 0.00 0.00 0.00 0.00 0.00 0.00 0.00 0.00 0.00 0.00 0.00 0.00 0.00 0.00 0.00 0.00 0.00 0.00 0.00 0.00 0.00 0.00 0.00 0.00 0.00 0.00 0.00 0.00 0.00 0.00 0.00 0.00 0.00 0.00 0.00 0.00 0.00 0.00 0.00 0.00 23.28 127.40 263.40 426.74 591.95 774.25 1026.02 1255.81 1394.17 1456.95 1468.81 1469.06 1489.23 1450.85 1359.47 1296.63 1349.87 1402.41 1427.15 1446.03 1532.13 1681.42 1819.37 1923.51 2017.50 2160.27 2336.41 2448.60 2491.51 2545.34 2620.41 2686.01 2711.50 2740.98 2815.89 2977.36 3088.97 3141.14 3178.29 3267.73 3408.97 3494.15 3510.41 3499.28 3497.44 3464.61 3491.28 3462.39 3464.66 3612.36 3895.51 4158.07 4278.04 4283.27 4239.01 4270.81 4299.08 4217.67 4127.51 4077.57 4065.59 4166.43 4200.27 4180.62 4273.92 4385.66 4527.72 4651.70 4773.83 4968.98 5224.52 5463.73 5770.40 6021.65 6250.74 6467.95 6623.34 6675.43 6747.81 6827.43 6887.98 6936.86 6984.19 6990.42 7026.00 7047.01 7084.28 7075.20 7056.06 7159.45 7263.80 7323.00 7286.23 7244.53 7303.63 7359.73 7379.86 7411.88 7433.87 7458.89 7523.60 7602.68 7690.26 7747.61 7855.23 7850.43 7820.71 7757.56 7582.27 7636.92 7630.57 7628.27 7675.22 7735.38 7555.73 7417.91 7476.89 7493.82 7418.94 7086.77 6181.56 
	59.27 761.68 1876.94 2088.15 2035.16 2109.75 2244.47 2307.56 2275.91 2252.67 2265.78 2336.73 2339.21 2351.86 2609.32 2683.32 2491.57 2418.90 2371.53 2180.21 2174.82 2144.61 2134.90 2057.43 1814.27 1590.60 1516.71 1409.13 1404.82 1427.61 1370.16 1230.68 1156.14 1198.44 1113.11 921.81 899.81 874.67 680.87 337.75 57.69 0.00 0.00 0.00 0.00 0.00 0.00 0.00 0.00 0.00 0.00 0.00 0.00 0.00 0.00 0.00 0.00 0.00 0.00 0.00 0.00 0.00 0.00 0.00 0.00 0.00 0.00 0.00 0.00 0.00 0.00 0.00 0.00 0.00 0.00 0.00 0.00 0.00 0.00 0.00 0.00 0.00 0.00 0.00 0.00 0.00 0.00 0.00 0.00 0.00 0.00 0.00 0.00 0.00 0.00 0.00 0.00 0.00 0.00 0.00 0.00 0.00 0.00 0.00 0.00 0.00 0.00 0.00 0.00 0.00 0.00 0.00 0.00 0.00 0.00 0.00 0.00 0.00 0.00 -1.56 11.97 97.58 225.63 371.99 522.33 708.24 948.41 1173.30 1313.73 1373.06 1380.94 1390.56 1415.26 1372.79 1296.62 1245.88 1309.32 1371.35 1399.06 1412.20 1498.46 1641.93 1776.67 1870.37 1957.39 2081.45 2241.33 2340.33 2369.23 2411.05 2471.44 2538.63 2552.47 2554.81 2622.54 2781.97 2884.57 2946.51 2999.80 3104.37 3247.82 3359.59 3419.93 3427.06 3435.82 3397.74 3420.35 3404.44 3393.49 3537.24 3778.26 3994.18 4132.13 4160.32 4132.30 4152.96 4206.57 4181.68 4119.58 4057.90 4024.64 4121.31 4143.39 4107.33 4175.01 4274.13 4412.72 4540.60 4618.54 4773.22 4981.79 5274.40 5565.40 5803.03 6035.10 6219.78 6406.66 6508.39 6651.17 6771.49 6818.85 6850.34 6871.44 6898.09 6931.88 6971.24 6999.48 7011.77 6983.75 7063.04 7095.14 7110.22 7099.15 7068.43 7104.66 7139.45 7131.16 7147.45 7201.12 7232.62 7281.69 7383.02 7439.57 7473.25 7582.81 7590.86 7622.92 7588.35 7392.52 7496.87 7561.83 7562.19 7617.42 7690.91 7461.09 7348.86 7413.31 7378.85 7262.81 6973.86 6077.82 
	-69.39 633.10 1791.09 1967.18 1927.62 2029.61 2148.84 2192.50 2167.58 2186.54 2279.16 2383.72 2320.23 2237.20 2442.71 2554.08 2454.42 2350.07 2236.09 2098.51 2127.42 2135.05 2152.04 2040.24 1787.19 1594.46 1519.04 1426.69 1417.03 1406.84 1355.15 1224.03 1160.03 1249.92 1075.25 763.85 728.05 779.25 700.26 404.98 93.58 0.00 0.00 0.00 0.00 0.00 0.00 0.00 0.00 0.00 0.00 0.00 0.00 0.00 0.00 0.00 0.00 0.00 0.00 0.00 0.00 0.00 0.00 0.00 0.00 0.00 0.00 0.00 0.00 0.00 -0.54 0.00 0.00 0.00 0.00 0.00 0.00 0.00 0.00 0.00 0.00 0.00 0.00 0.00 0.00 0.00 0.00 0.00 0.00 0.00 0.00 0.00 0.00 0.00 0.00 0.00 0.00 0.00 0.00 0.00 0.00 0.00 0.00 0.00 0.00 0.00 0.00 0.00 0.00 0.00 0.00 0.00 0.00 0.00 0.00 0.00 0.00 0.00 -0.52 -7.64 -6.50 67.77 179.92 307.64 440.57 619.77 835.80 1047.90 1197.18 1272.41 1288.49 1298.96 1324.94 1290.04 1224.08 1196.20 1270.81 1336.66 1377.27 1368.72 1449.87 1591.39 1712.49 1799.36 1881.04 1974.46 2109.61 2211.75 2229.86 2252.19 2300.49 2357.68 2357.15 2359.65 2420.75 2588.86 2693.13 2757.52 2802.31 2905.60 3096.26 3266.98 3334.50 3346.85 3354.68 3306.31 3349.54 3332.08 3331.41 3453.08 3652.17 3832.27 3967.94 4028.73 4026.34 4075.67 4153.93 4167.62 4120.48 4031.46 3971.02 4059.67 4089.11 4066.61 4106.81 4184.36 4314.31 4427.94 4504.56 4614.52 4817.30 5097.01 5363.27 5564.18 5774.90 5987.73 6198.88 6343.12 6521.28 6640.18 6712.95 6741.69 6759.32 6772.04 6818.04 6856.55 6899.22 6892.23 6855.12 6932.40 6918.96 6849.08 6841.85 6801.79 6811.51 6828.05 6812.04 6838.89 6915.92 6958.08 7045.05 7118.56 7142.75 7168.02 7320.33 7374.23 7422.23 7353.92 7184.91 7267.71 7413.05 7489.71 7543.74 7598.66 7330.84 7210.18 7294.16 7233.08 7109.30 6854.25 6009.28 
	7.69 664.17 1706.57 1841.75 1842.48 1958.97 2019.48 2091.68 2164.22 2208.04 2344.35 2385.52 2261.72 2196.38 2379.45 2472.34 2360.10 2317.91 2209.95 2054.29 2143.57 2155.02 2115.42 1977.65 1766.70 1586.75 1524.56 1414.59 1403.51 1399.16 1325.90 1194.32 1154.13 1208.40 1035.03 666.85 641.81 735.23 717.33 460.66 170.10 0.00 0.00 0.00 0.00 0.00 0.00 0.00 0.00 0.00 0.00 -6.38 -10.53 -3.41 0.00 0.00 0.00 0.00 0.00 0.00 0.00 0.00 0.00 0.00 0.00 0.00 0.00 -4.76 -31.60 -51.52 -49.52 -32.23 -6.32 0.00 0.00 0.00 0.00 0.00 0.00 0.00 0.00 0.00 0.00 0.00 0.00 0.00 0.00 0.00 0.00 0.05 6.88 17.35 21.37 23.84 26.11 22.22 9.75 0.00 0.00 0.00 0.00 0.00 0.00 0.00 0.00 0.00 0.00 0.00 0.00 0.00 0.00 0.00 0.00 0.00 0.00 0.00 0.00 0.00 -2.83 -16.09 -28.60 37.36 129.49 234.30 348.76 515.60 714.78 904.27 1055.64 1147.72 1183.16 1208.43 1231.68 1205.02 1150.15 1141.93 1223.78 1303.98 1343.82 1326.18 1407.34 1535.27 1648.13 1724.63 1791.41 1855.87 1962.32 2053.66 2075.33 2091.81 2124.17 2169.20 2157.71 2144.98 2213.49 2388.72 2491.60 2549.70 2631.29 2744.99 2967.83 3143.10 3214.98 3219.15 3238.16 3200.18 3229.05 3215.11 3211.57 3342.01 3505.09 3678.54 3807.43 3890.78 3906.79 3996.24 4089.31 4105.23 4070.02 3981.52 3904.55 3979.71 4023.48 3993.46 4038.15 4107.89 4229.32 4346.23 4403.58 4488.76 4695.46 4927.83 5145.04 5304.13 5514.57 5740.77 5939.48 6137.91 6317.43 6442.31 6518.10 6552.10 6570.87 6590.90 6600.90 6642.05 6695.26 6717.89 6674.58 6731.85 6694.25 6618.74 6572.35 6506.27 6484.22 6463.35 6436.08 6460.89 6542.85 6603.31 6689.41 6786.71 6800.71 6856.28 7028.08 7094.03 7159.55 7128.95 6971.94 7067.50 7224.54 7376.06 7437.86 7528.34 7200.65 7075.55 7170.31 7112.33 6967.99 6746.65 5943.69 
	70.22 616.60 1648.10 1723.03 1758.54 1927.47 2044.77 2113.53 2172.15 2251.01 2295.19 2322.89 2244.91 2192.12 2320.11 2392.20 2295.17 2271.45 2196.06 2044.99 2079.99 2076.91 2055.22 1970.64 1745.27 1569.42 1455.60 1379.16 1347.58 1342.89 1279.24 1129.98 1083.34 1140.40 1038.00 785.99 771.76 800.56 734.41 487.28 202.77 0.00 0.00 0.00 0.00 0.00 0.00 0.00 0.00 0.00 -9.05 -41.75 -60.88 -38.73 -4.13 0.00 0.00 0.00 0.00 0.00 0.00 0.00 0.00 0.00 0.00 0.00 -3.78 -47.61 -119.44 -163.22 -140.23 -90.73 -41.18 -6.25 0.00 0.00 0.00 0.00 0.00 0.00 0.00 0.00 0.00 0.00 0.00 0.00 0.00 0.00 0.00 10.29 40.36 75.95 97.73 102.17 103.58 95.43 68.72 29.45 0.00 0.00 0.00 0.00 0.00 0.00 0.00 0.00 0.00 0.00 0.00 0.00 0.00 0.00 0.00 0.00 0.00 0.00 0.00 0.00 -5.95 -23.95 -44.62 5.26 78.20 161.44 259.17 408.23 586.31 768.16 908.52 998.04 1045.48 1086.42 1132.33 1117.59 1078.91 1083.86 1173.76 1260.25 1313.52 1299.37 1379.29 1494.87 1578.93 1644.46 1694.06 1738.84 1826.68 1885.91 1897.01 1927.19 1956.40 1984.98 1964.84 1941.97 1994.23 2156.49 2270.63 2339.26 2430.96 2568.33 2801.68 2977.88 3066.69 3070.37 3085.75 3040.45 3063.86 3043.11 3053.86 3184.07 3359.04 3516.02 3649.25 3717.25 3738.20 3858.20 3972.83 4003.31 3967.57 3879.42 3803.45 3905.24 3963.12 3926.84 3961.41 4039.07 4167.51 4293.13 4373.94 4442.26 4632.16 4809.16 4984.27 5130.47 5324.09 5528.22 5772.31 6000.06 6185.46 6331.65 6394.82 6435.81 6484.85 6501.15 6458.49 6440.49 6478.04 6542.85 6542.93 6609.26 6565.26 6479.57 6416.83 6344.27 6284.96 6225.64 6213.15 6214.51 6279.49 6344.55 6471.15 6576.87 6613.40 6672.10 6879.97 6950.94 6978.34 6956.98 6806.60 6867.69 7063.09 7202.60 7252.91 7370.02 7092.91 6973.24 7057.90 6992.67 6848.36 6651.56 5853.68 
	-38.00 466.03 1502.57 1681.30 1719.70 1938.86 2045.87 2068.47 2069.22 2093.12 2191.08 2257.68 2158.31 2124.44 2237.36 2274.84 2182.58 2183.29 2121.91 1991.14 2006.79 2044.02 2031.15 1940.62 1754.17 1544.82 1437.96 1332.31 1265.09 1250.46 1179.67 1051.22 983.73 999.20 1011.14 913.78 921.19 852.19 710.34 457.30 183.95 0.00 0.00 0.00 0.00 0.00 0.00 0.00 0.00 0.00 -25.23 -94.16 -146.51 -102.50 -23.92 0.00 0.00 0.00 0.00 0.00 0.00 0.00 0.00 0.00 0.00 0.00 -11.08 -80.53 -191.35 -247.67 -224.14 -148.41 -64.15 -13.92 0.00 0.00 0.00 0.00 0.00 0.00 0.00 0.00 0.00 0.00 0.00 0.00 0.00 0.00 2.08 24.50 72.40 126.57 158.23 170.08 181.61 185.52 151.79 82.22 23.27 0.00 0.00 0.00 0.00 0.00 0.00 0.00 0.00 0.00 0.00 0.00 0.00 0.00 0.00 0.00 0.01 0.18 0.02 0.00 -6.88 -26.84 -43.47 -10.50 44.80 102.36 180.23 310.20 471.08 634.46 759.88 834.47 877.89 921.81 973.82 991.33 990.16 1016.52 1115.94 1207.91 1261.31 1261.36 1334.70 1431.11 1502.03 1560.00 1583.69 1612.39 1690.03 1730.43 1710.70 1749.41 1779.52 1783.39 1752.28 1723.74 1780.92 1938.00 2046.93 2107.17 2204.41 2383.83 2614.12 2805.69 2884.30 2897.50 2912.77 2868.44 2882.59 2872.88 2902.72 3029.14 3187.14 3345.86 3477.27 3524.21 3562.58 3685.06 3799.03 3839.20 3827.45 3745.10 3717.07 3863.66 3933.28 3885.40 3894.88 4000.51 4138.28 4290.76 4416.44 4478.60 4631.74 4766.79 4914.89 5064.86 5258.14 5515.20 5791.22 6028.05 6211.25 6365.30 6453.48 6495.21 6530.63 6556.26 6482.08 6432.10 6445.67 6519.73 6558.12 6600.58 6590.77 6516.06 6451.68 6363.20 6282.77 6240.90 6195.02 6188.86 6245.36 6312.34 6445.79 6546.29 6603.08 6669.91 6821.58 6889.70 6921.43 6913.54 6745.17 6750.79 6903.62 6999.64 7034.57 7157.58 6966.75 6841.40 6927.90 6871.25 6735.65 6522.12 5744.35 
	-38.76 431.90 1427.85 1576.15 1717.25 1938.65 1968.35 1937.57 1955.18 2025.36 2100.38 2222.56 2218.31 2101.46 2158.22 2207.36 2113.91 2117.38 2100.86 1991.73 2015.66 1992.48 1958.77 1909.50 1725.16 1523.30 1435.86 1330.49 1257.32 1228.49 1118.37 946.85 810.73 809.52 857.52 865.53 840.54 748.88 589.90 352.39 122.83 0.00 0.00 0.00 0.00 0.00 0.00 0.00 0.00 0.00 -15.36 -100.97 -163.75 -124.91 -33.40 0.00 0.00 0.00 0.00 0.00 0.00 0.00 0.00 0.00 0.00 0.00 -4.77 -62.72 -154.29 -221.84 -215.67 -148.06 -73.84 -16.60 0.00 0.00 0.00 0.00 0.00 0.00 0.00 0.00 0.00 0.00 0.00 0.00 0.00 0.84 9.78 37.14 81.68 124.41 153.08 171.16 194.52 210.64 185.23 113.23 37.40 2.03 0.00 0.00 0.00 0.00 0.00 0.00 0.00 0.00 0.00 0.00 0.00 0.00 0.95 5.36 10.71 13.74 14.64 12.70 4.77 -13.65 -25.45 -3.81 31.94 73.01 126.44 236.54 374.79 515.81 614.11 679.25 708.61 745.19 804.21 842.77 867.58 920.09 1038.25 1131.51 1191.30 1196.27 1271.94 1346.07 1395.26 1444.49 1470.97 1481.54 1532.30 1563.45 1538.38 1561.79 1588.18 1583.06 1545.74 1508.62 1565.42 1707.35 1812.08 1880.41 1991.81 2183.59 2406.56 2577.38 2653.55 2683.23 2715.05 2686.45 2716.91 2709.61 2708.80 2826.07 2980.26 3128.11 3278.50 3332.53 3365.52 3486.92 3589.55 3618.17 3621.42 3589.63 3617.90 3803.09 3876.48 3834.40 3859.68 3962.04 4116.96 4292.63 4412.54 4474.64 4605.37 4703.35 4850.95 5016.93 5207.52 5446.26 5760.62 6039.65 6237.93 6419.74 6524.75 6573.80 6598.79 6621.24 6518.60 6475.11 6470.75 6526.40 6573.68 6576.15 6564.92 6501.64 6455.94 6351.33 6280.18 6266.83 6188.48 6169.02 6215.87 6254.06 6362.13 6474.20 6534.58 6621.22 6736.20 6796.20 6786.00 6806.83 6707.07 6663.09 6777.09 6868.78 6913.12 7061.64 6874.47 6707.84 6739.24 6685.53 6563.94 6364.64 5639.20 
	4.00 471.22 1363.28 1570.51 1693.25 1848.80 1895.04 1854.96 1895.05 2032.82 2048.75 2154.74 2124.80 2022.89 2073.57 2126.40 2032.18 2022.74 2034.02 1977.05 1878.79 1763.62 1771.17 1776.55 1709.01 1522.35 1443.18 1344.15 1223.73 1150.10 1014.41 841.30 644.33 587.21 614.35 651.59 640.79 534.60 387.41 209.64 41.55 0.00 0.00 0.00 0.00 0.00 0.00 0.00 0.00 2.66 6.91 -52.46 -99.80 -72.64 -14.27 2.65 0.00 0.00 0.00 0.00 0.00 0.00 0.00 0.00 0.00 0.00 0.00 -15.66 -67.32 -111.62 -128.19 -114.03 -56.68 -12.05 0.00 0.00 0.00 0.00 0.00 0.00 0.00 0.00 0.00 0.00 0.00 0.00 0.00 1.16 13.18 36.93 66.12 87.13 101.38 120.61 137.04 153.09 133.18 81.82 26.93 1.41 0.00 0.00 0.00 0.00 0.00 0.00 0.00 0.00 0.00 0.00 0.00 2.41 11.37 22.73 32.86 41.09 46.20 46.47 41.53 18.06 0.27 17.46 41.22 73.17 114.42 197.41 294.08 398.33 472.43 523.62 547.49 585.67 641.06 689.14 726.64 782.72 908.94 1029.05 1103.73 1124.50 1199.99 1252.61 1272.37 1316.29 1341.87 1346.87 1372.71 1386.93 1359.89 1379.68 1393.18 1382.65 1353.45 1308.86 1354.62 1483.48 1586.75 1647.56 1766.49 1967.46 2189.12 2346.59 2443.65 2492.86 2542.98 2550.73 2601.98 2546.24 2509.63 2626.05 2785.18 2948.92 3115.28 3165.75 3180.73 3297.65 3388.78 3415.11 3441.65 3439.34 3511.56 3677.38 3739.13 3740.03 3831.64 3951.09 4106.38 4269.30 4374.74 4415.10 4547.66 4660.83 4776.05 4932.77 5122.83 5380.14 5677.18 6006.89 6245.43 6426.73 6523.75 6569.56 6605.30 6619.29 6523.04 6473.68 6445.38 6476.56 6494.44 6495.59 6449.77 6382.41 6359.65 6282.85 6212.71 6205.65 6175.45 6131.44 6162.10 6191.23 6252.31 6356.69 6449.04 6531.17 6628.80 6668.45 6638.35 6699.47 6647.02 6577.16 6702.74 6799.54 6849.09 7012.01 6837.84 6649.29 6593.30 6452.74 6322.66 6161.03 5483.67 
	-56.09 430.16 1392.54 1563.54 1634.30 1758.29 1784.85 1771.33 1832.79 1949.37 1979.10 2035.40 2013.34 1943.49 1952.55 1995.87 1896.72 1910.59 2034.31 1924.29 1679.80 1538.88 1605.21 1757.38 1687.67 1508.52 1482.46 1340.51 1169.94 1078.33 908.86 729.80 543.80 363.06 352.22 384.91 361.00 277.66 177.19 65.44 0.00 0.00 0.00 0.00 0.00 0.00 0.00 0.00 0.00 1.35 8.83 6.19 -16.34 -0.90 11.40 1.72 0.00 0.00 0.00 0.00 0.00 0.00 0.00 0.00 0.00 0.00 0.00 0.00 -5.05 -34.11 -56.80 -51.99 -26.37 -3.59 0.00 0.00 0.00 0.00 0.00 0.00 0.00 0.00 0.00 0.00 0.00 0.00 0.00 0.00 6.68 21.24 34.88 42.13 48.42 59.41 68.39 62.50 49.71 26.53 6.18 0.00 0.00 0.00 0.00 0.00 0.00 0.00 0.00 0.00 0.00 0.00 1.30 11.38 27.17 43.91 59.76 73.32 80.70 83.95 83.79 67.31 45.71 52.02 70.03 94.28 130.06 187.85 254.69 320.33 362.21 394.86 406.20 437.81 484.10 526.94 576.14 646.22 774.86 897.09 986.86 1032.54 1102.89 1144.98 1157.31 1172.99 1196.24 1203.06 1221.04 1219.12 1181.04 1185.83 1196.47 1185.51 1158.11 1130.56 1158.80 1267.15 1347.59 1413.82 1544.28 1757.78 1999.44 2167.12 2268.17 2335.47 2393.82 2408.69 2436.15 2402.83 2375.81 2493.83 2662.53 2821.41 2949.73 2983.95 3016.98 3145.44 3229.39 3262.89 3271.31 3301.53 3404.42 3570.81 3647.42 3689.32 3821.37 3956.55 4131.24 4290.83 4370.68 4392.09 4505.33 4628.00 4752.33 4902.54 5081.16 5303.64 5540.36 5895.75 6188.11 6349.12 6433.47 6453.21 6471.53 6473.14 6436.22 6370.35 6343.84 6370.78 6383.92 6380.53 6319.77 6245.76 6219.74 6170.62 6110.22 6095.10 6108.38 6076.56 6108.09 6141.69 6184.41 6248.89 6309.36 6408.86 6492.01 6522.45 6495.12 6546.12 6559.80 6455.08 6590.26 6681.99 6707.14 6786.35 6608.84 6404.42 6384.26 6217.45 6051.95 5919.11 5287.15 
	-52.01 433.41 1286.73 1471.36 1550.23 1656.82 1638.07 1636.98 1732.46 1894.06 1918.68 1984.73 1951.73 1877.78 1851.64 1830.20 1770.86 1859.97 1932.65 1856.85 1705.86 1609.89 1676.10 1731.41 1624.08 1481.70 1413.71 1294.81 1133.86 993.48 806.64 612.61 416.30 232.34 150.06 150.36 122.08 73.05 30.66 0.00 0.00 0.00 0.00 0.00 0.00 0.00 0.00 0.00 0.00 0.00 6.29 16.74 30.53 16.12 14.84 -0.14 0.00 0.00 0.00 0.00 0.00 0.00 0.00 0.00 0.00 0.00 0.00 0.00 0.00 0.00 -2.97 -4.65 0.00 0.00 0.00 0.00 0.00 0.00 0.00 0.00 0.00 0.00 0.00 0.00 0.00 0.00 0.00 0.00 0.00 1.98 4.78 4.21 3.99 3.80 3.62 2.27 0.73 0.02 0.00 0.00 0.00 0.00 0.00 0.00 0.00 0.00 0.00 0.00 0.00 0.00 6.08 22.03 43.05 64.95 87.38 105.26 115.52 119.49 120.30 114.61 94.14 94.22 110.67 131.22 159.15 196.36 243.88 288.76 309.88 310.33 297.12 312.41 345.33 387.33 436.94 516.40 641.97 763.16 857.15 915.28 985.43 1018.74 1023.80 1031.19 1043.18 1049.94 1064.55 1061.74 1017.39 1009.98 1005.12 993.91 960.60 927.31 950.69 1042.97 1121.72 1197.23 1340.18 1558.90 1792.76 1977.83 2086.39 2163.88 2226.35 2247.80 2298.44 2293.40 2288.35 2400.08 2547.41 2673.51 2767.76 2772.81 2818.71 2939.81 3030.12 3063.34 3069.82 3112.96 3208.32 3385.67 3498.61 3588.96 3709.67 3859.85 4081.37 4226.64 4322.49 4354.23 4446.97 4602.06 4733.21 4869.56 5018.40 5204.68 5400.83 5697.47 6009.49 6155.77 6226.20 6224.06 6219.79 6237.03 6227.60 6160.57 6146.83 6190.20 6206.21 6199.91 6172.43 6112.79 6073.12 6046.72 5984.93 5979.65 6002.72 6001.15 6030.03 6064.36 6071.01 6104.22 6120.27 6204.07 6279.90 6312.78 6284.90 6270.29 6244.82 6196.08 6358.38 6428.23 6417.31 6400.68 6270.24 6073.77 6055.93 5910.87 5780.59 5637.24 5046.81 
	41.81 441.17 1202.69 1339.75 1467.50 1587.00 1527.70 1520.23 1606.17 1793.19 1825.40 1878.52 1869.59 1785.07 1765.97 1788.89 1753.65 1821.45 1855.37 1762.96 1689.99 1628.11 1609.83 1636.66 1553.87 1428.77 1351.76 1197.87 1034.01 883.62 677.00 501.03 327.78 143.65 76.20 48.28 18.31 0.00 0.00 0.00 0.00 0.00 0.00 0.00 0.00 0.00 0.00 0.00 0.00 0.00 3.44 7.03 7.31 2.01 -6.48 -1.15 0.00 0.00 0.00 0.00 0.00 0.00 0.00 0.00 0.00 0.00 0.00 0.00 0.00 0.00 0.00 0.00 0.00 0.00 0.00 0.00 0.00 0.00 0.00 0.00 0.00 0.00 0.00 0.00 0.00 0.00 0.00 0.00 0.00 0.00 0.00 0.00 0.00 0.00 0.00 0.00 0.00 0.00 0.00 0.00 0.00 0.00 0.00 0.00 0.00 0.00 0.00 0.00 0.00 0.20 10.54 30.87 55.50 83.01 111.56 135.60 147.48 150.62 149.31 143.01 135.55 135.48 148.63 167.84 189.30 220.51 248.79 277.51 286.51 272.49 243.86 230.22 243.85 276.11 320.69 398.82 513.14 627.56 728.80 783.11 846.44 880.85 881.35 884.22 881.60 879.14 895.40 896.95 865.84 854.70 845.26 815.70 774.90 737.42 756.21 824.23 904.48 1000.06 1137.38 1343.75 1587.02 1771.19 1893.21 1988.28 2052.84 2082.87 2145.92 2184.53 2209.31 2296.92 2413.40 2505.99 2575.32 2577.67 2610.45 2702.43 2795.61 2843.75 2853.15 2874.95 2983.21 3175.18 3297.65 3408.21 3519.31 3695.33 3898.90 4051.50 4148.71 4233.14 4329.29 4485.94 4629.39 4747.23 4861.67 5035.24 5214.72 5463.26 5747.02 5884.61 5965.88 5951.62 5925.70 5924.41 5887.87 5814.89 5809.64 5866.59 5899.09 5901.72 5914.06 5874.01 5863.57 5852.90 5798.58 5799.97 5835.69 5846.87 5870.20 5911.50 5895.89 5865.83 5875.09 5929.55 5959.26 5975.25 5939.01 5900.88 5851.91 5770.53 5935.01 5996.79 5976.78 5972.86 5875.39 5692.87 5679.87 5638.08 5576.85 5406.94 4818.95 
	14.11 399.68 1094.42 1364.53 1496.41 1576.89 1530.91 1456.70 1468.27 1566.10 1684.12 1764.15 1771.91 1700.26 1737.96 1728.73 1674.77 1719.94 1718.04 1649.48 1577.70 1470.76 1492.12 1507.19 1444.63 1340.69 1241.31 1112.40 957.20 751.22 579.67 428.54 235.70 88.41 37.38 18.48 3.64 0.00 0.00 0.00 0.00 0.00 0.00 0.00 0.00 0.00 0.00 0.00 0.00 0.00 0.00 -0.91 -1.91 -9.25 -8.33 0.00 0.00 0.00 0.00 0.00 0.00 0.00 0.00 0.00 0.00 0.00 0.00 0.00 0.00 0.00 0.00 0.00 0.00 0.00 0.00 0.00 0.00 0.00 0.00 0.00 0.00 0.00 0.00 0.00 0.00 0.00 0.00 0.00 0.00 0.00 0.00 0.00 0.00 0.00 0.00 0.00 0.00 0.00 0.00 0.00 0.00 0.00 0.00 0.00 0.00 0.00 0.00 0.00 0.00 0.83 12.95 35.46 62.29 93.03 126.54 158.84 171.76 170.62 165.74 156.38 144.24 147.48 167.40 186.29 210.28 234.99 254.75 263.65 264.66 245.66 213.11 185.22 176.80 188.43 226.84 294.84 394.92 502.91 590.13 647.19 703.59 727.26 723.84 721.52 712.24 705.66 716.87 719.19 700.70 685.38 675.33 648.82 611.29 567.42 582.95 638.93 714.46 816.13 958.20 1125.07 1359.46 1562.21 1712.22 1813.55 1881.80 1916.68 1993.62 2059.98 2097.66 2170.16 2250.29 2334.06 2373.50 2373.79 2407.40 2462.51 2533.39 2599.77 2621.07 2642.05 2742.31 2911.09 3037.65 3164.31 3276.39 3433.42 3607.70 3753.85 3881.89 4058.15 4147.48 4299.14 4454.11 4545.29 4628.16 4772.79 4932.73 5145.79 5387.44 5508.00 5592.18 5600.33 5566.24 5585.18 5523.06 5417.86 5404.58 5482.75 5543.66 5579.29 5643.19 5649.62 5664.42 5671.52 5629.89 5631.86 5682.37 5694.62 5740.09 5793.02 5788.26 5706.26 5684.41 5729.74 5767.88 5797.46 5732.47 5643.13 5581.85 5501.48 5585.74 5573.53 5582.50 5647.09 5610.15 5506.81 5678.05 5652.22 5523.34 5280.61 4646.37 
	-44.97 293.79 1055.47 1218.69 1420.52 1493.73 1465.03 1365.54 1260.45 1327.82 1488.92 1623.09 1630.39 1612.97 1651.04 1638.40 1543.90 1565.36 1566.48 1468.10 1335.04 1232.95 1295.77 1330.34 1254.28 1147.35 1109.75 1029.81 903.51 714.84 536.17 372.71 193.29 38.50 9.04 1.96 0.00 0.00 0.00 0.00 0.00 0.00 0.00 0.00 0.00 0.00 0.00 0.00 0.00 0.00 0.00 0.00 -0.01 -0.28 0.00 0.00 0.00 0.00 0.00 0.00 0.00 0.00 0.00 0.00 0.00 0.00 0.00 0.00 0.00 0.00 0.00 0.00 0.00 0.00 0.00 0.00 0.00 0.00 0.00 0.00 0.00 0.00 0.00 0.00 0.00 0.00 0.00 0.00 0.00 0.00 0.00 0.00 0.00 0.00 0.00 0.00 0.00 0.00 0.00 0.00 0.00 0.00 0.00 0.00 0.00 0.00 0.00 0.00 0.00 0.58 12.08 34.58 61.57 92.05 124.34 153.83 170.31 171.68 164.39 152.23 135.61 129.22 145.12 180.83 207.26 230.48 248.80 253.43 246.45 223.52 187.34 148.09 136.14 142.45 168.91 220.38 304.24 386.31 455.09 503.79 545.65 567.69 564.53 556.39 549.99 542.75 548.34 548.77 538.19 517.65 499.01 479.69 447.69 410.40 427.73 497.56 577.82 669.02 798.54 945.79 1135.81 1355.65 1528.09 1640.75 1718.43 1762.76 1838.05 1894.69 1941.42 1988.07 2047.19 2105.81 2162.15 2179.64 2193.05 2224.82 2281.41 2340.21 2376.32 2409.24 2485.52 2635.21 2739.74 2863.97 2944.62 3077.31 3219.30 3353.69 3576.75 3809.68 3960.48 4094.27 4210.16 4246.26 4290.47 4411.93 4542.14 4701.29 4923.67 5034.47 5104.48 5162.12 5172.13 5180.46 5132.91 5054.01 5064.25 5133.73 5177.60 5217.17 5264.29 5293.55 5312.36 5317.73 5294.50 5290.16 5334.50 5377.97 5418.91 5455.55 5453.93 5404.15 5337.12 5356.06 5404.64 5475.77 5473.81 5404.81 5335.09 5254.90 5266.47 5297.11 5342.64 5393.98 5350.51 5372.92 5580.00 5566.33 5420.62 5129.11 4418.47 
	-82.49 289.99 993.68 1143.59 1274.92 1336.70 1299.08 1184.13 1076.95 1098.23 1249.94 1380.29 1446.89 1512.60 1529.91 1488.60 1413.83 1417.72 1343.35 1215.54 1070.07 972.36 1028.97 1063.10 1019.71 982.66 998.42 945.72 847.25 694.13 500.06 370.06 186.27 38.58 0.00 0.00 0.00 0.00 0.00 0.00 0.00 0.00 0.00 0.00 0.00 0.00 0.00 0.00 0.00 0.00 0.00 0.00 0.00 0.00 0.00 0.00 0.00 0.00 0.00 0.00 0.00 0.00 0.00 0.00 0.00 0.00 0.00 0.00 0.00 0.00 0.00 0.00 0.00 0.00 0.00 0.00 0.00 0.00 0.00 0.00 0.00 0.00 0.00 0.00 0.00 0.00 0.00 0.00 0.00 0.00 0.00 0.00 0.00 0.00 0.00 0.00 0.00 0.00 0.00 0.00 0.00 0.00 0.00 0.00 0.00 0.00 0.00 0.00 0.00 0.00 8.29 28.22 53.35 80.66 107.71 130.78 145.17 148.94 143.28 132.20 115.97 104.15 110.95 134.68 166.92 205.88 223.92 232.65 230.37 212.58 178.65 139.28 120.60 127.19 147.99 183.22 232.23 289.25 336.81 378.89 404.69 418.05 412.27 404.43 397.51 393.05 392.10 389.78 383.62 366.45 347.45 327.32 302.91 275.40 292.10 363.37 454.04 554.43 676.10 805.82 957.26 1148.57 1336.61 1463.66 1539.94 1588.64 1650.71 1697.92 1737.25 1755.29 1800.14 1885.12 1963.84 1974.67 1967.71 1982.83 2015.81 2069.95 2107.18 2148.15 2216.72 2327.36 2400.87 2499.01 2570.58 2672.78 2799.51 3005.86 3235.75 3488.43 3709.18 3834.78 3901.34 3908.38 3921.60 3953.74 4051.82 4192.64 4365.52 4481.24 4569.68 4655.37 4677.13 4660.62 4608.70 4556.66 4604.93 4663.39 4689.42 4707.13 4735.06 4761.65 4777.62 4809.19 4802.86 4807.21 4862.11 4917.12 4956.95 4979.26 5003.77 4975.21 4889.62 4911.35 4955.62 5054.71 5082.86 5066.36 5019.91 4919.14 4866.96 4946.79 5026.41 5044.06 4995.51 5099.07 5269.44 5276.45 5144.70 4841.21 4117.27 
	59.05 410.35 857.34 868.61 968.33 999.23 959.16 902.97 810.60 858.47 966.06 1037.82 1104.71 1167.74 1150.97 1066.35 984.18 929.86 823.19 758.05 715.57 661.86 664.66 650.35 533.69 528.65 573.69 526.14 428.29 306.41 215.28 206.91 185.25 49.93 0.00 0.00 0.00 0.00 0.00 0.00 0.00 0.00 0.00 0.00 0.00 0.00 0.00 0.00 0.00 0.00 0.00 0.00 0.00 0.00 0.00 0.00 0.00 0.00 0.00 0.00 0.00 0.00 0.00 0.00 0.00 0.00 0.00 0.00 0.00 0.00 0.00 0.00 0.00 0.00 0.00 0.00 0.00 0.00 0.00 0.00 0.00 0.00 0.00 0.00 0.00 0.00 0.00 0.00 0.00 0.00 0.00 0.00 0.00 0.00 0.00 0.00 0.00 0.00 0.00 0.00 0.00 0.00 0.00 0.00 0.00 0.00 0.00 0.00 0.00 0.00 3.13 17.47 39.28 62.45 84.01 101.96 113.26 116.15 110.96 99.80 84.55 73.07 75.67 90.23 111.70 141.76 174.02 200.54 210.15 201.86 177.12 144.50 120.91 115.70 132.84 150.89 171.08 204.73 240.51 272.35 285.26 288.20 279.60 265.33 263.87 261.51 256.43 250.73 251.98 242.61 225.46 208.96 189.60 171.07 186.30 245.86 334.68 443.01 561.38 686.92 821.09 982.58 1134.13 1251.20 1314.49 1356.50 1410.03 1453.33 1489.00 1502.48 1567.69 1655.34 1727.76 1740.79 1722.42 1718.68 1730.10 1776.23 1819.87 1860.30 1908.48 1982.27 2012.02 2091.63 2152.26 2231.94 2376.14 2591.76 2846.34 3123.61 3394.81 3542.67 3563.11 3546.03 3515.30 3490.99 3532.45 3639.51 3762.35 3870.67 3996.35 4077.07 4095.55 4050.13 4004.11 4005.72 4062.63 4109.83 4121.62 4115.30 4133.59 4155.10 4182.41 4224.45 4252.24 4297.32 4360.26 4399.01 4432.53 4466.75 4517.25 4509.10 4461.65 4420.17 4470.40 4564.79 4640.78 4668.92 4638.85 4521.96 4413.08 4416.58 4460.63 4484.70 4497.13 4639.21 4779.05 4794.54 4687.62 4406.46 3674.73 
	-30.83 279.19 520.78 336.73 325.97 300.83 354.07 413.11 420.53 455.65 505.45 533.76 590.58 604.79 547.35 458.32 430.25 382.90 314.50 293.76 315.04 270.48 282.69 229.91 68.74 26.56 137.77 132.76 58.69 -3.74 -19.84 101.59 144.77 55.72 0.00 0.00 0.00 0.00 0.00 0.00 0.00 0.00 0.00 0.00 0.00 0.00 0.00 0.00 0.00 0.00 0.00 0.00 0.00 0.00 0.00 0.00 0.00 0.00 0.00 0.00 0.00 0.00 0.00 0.00 0.00 0.00 0.00 0.00 0.00 0.00 0.00 0.00 0.00 0.00 0.00 0.00 0.00 0.00 0.00 0.00 0.00 0.00 0.00 0.00 0.00 0.00 0.00 0.00 0.00 0.00 0.00 0.00 0.00 0.00 0.00 0.00 0.00 0.00 0.00 0.00 0.00 0.00 0.00 0.00 0.00 0.00 0.00 0.00 0.00 0.00 0.00 6.00 21.54 40.44 57.22 70.73 79.18 80.56 74.90 63.43 51.73 44.64 41.54 47.71 63.55 84.80 109.21 141.64 170.21 181.64 168.67 144.29 119.05 104.25 104.43 112.21 122.67 138.77 166.89 184.88 189.92 183.93 170.45 160.40 149.46 151.05 152.19 149.87 145.18 140.93 133.29 119.10 110.66 104.42 111.96 149.76 225.83 332.44 448.74 565.37 684.06 817.63 936.37 1009.07 1036.49 1062.92 1124.44 1181.31 1237.26 1279.96 1326.07 1377.16 1431.71 1442.15 1412.92 1398.92 1398.58 1423.64 1451.98 1505.70 1557.39 1603.02 1620.36 1651.50 1698.20 1760.94 1903.20 2118.38 2383.44 2677.75 2973.64 3138.57 3174.52 3146.28 3066.15 2966.26 2937.98 3038.34 3137.53 3255.50 3378.53 3452.16 3446.66 3398.57 3372.76 3402.38 3454.10 3500.53 3515.69 3502.83 3498.34 3515.76 3551.71 3576.18 3626.02 3673.56 3727.87 3771.34 3790.54 3829.23 3888.88 3901.58 3887.10 3852.18 3880.04 3955.96 4045.75 4078.31 4033.77 3926.24 3812.05 3737.99 3733.48 3785.66 3847.21 3942.26 4066.58 4115.74 4036.12 3675.35 2985.67 
	-33.23 12.56 142.66 27.91 -20.53 -59.98 47.95 107.64 82.35 104.42 155.95 133.36 166.76 198.39 215.99 182.83 179.74 165.59 128.91 129.77 109.43 91.58 119.04 100.78 -9.85 -15.63 105.39 152.09 130.99 102.42 106.79 134.32 138.28 41.35 0.00 0.00 0.00 0.00 0.00 0.00 0.00 0.00 0.00 0.00 0.00 0.00 0.00 0.00 0.00 0.00 0.00 0.00 0.00 0.00 0.00 0.00 0.00 0.00 0.00 0.00 0.00 0.00 0.00 0.00 0.00 0.00 0.00 0.00 0.00 0.00 0.00 0.00 0.00 0.00 0.00 0.00 0.00 0.00 0.00 0.00 0.00 0.00 0.00 0.00 0.00 0.00 0.00 0.00 0.00 0.00 0.00 0.00 0.00 0.00 0.00 0.00 0.00 0.00 0.00 0.00 0.00 0.00 0.00 0.00 0.00 0.00 0.00 0.00 0.00 0.00 0.00 0.02 4.79 16.29 29.68 39.32 44.67 45.12 39.08 31.16 26.17 21.66 18.86 19.19 27.92 42.10 60.29 82.91 105.45 124.64 138.54 131.96 109.66 85.72 73.95 73.24 78.24 90.48 102.18 113.47 112.58 102.36 93.05 82.25 70.44 66.64 69.91 74.77 72.18 70.83 71.30 64.77 57.28 53.47 52.17 75.36 142.39 229.95 330.43 434.86 545.94 659.20 758.70 821.67 851.50 866.47 915.68 962.24 994.18 1030.02 1068.14 1104.05 1134.81 1140.61 1110.74 1085.77 1079.57 1092.28 1128.39 1171.05 1205.89 1251.99 1260.23 1243.14 1273.11 1312.63 1421.90 1605.09 1855.16 2144.30 2430.28 2595.13 2631.94 2593.76 2483.87 2353.05 2333.80 2388.78 2449.41 2551.37 2658.46 2690.58 2660.89 2625.28 2608.56 2632.03 2668.29 2701.47 2713.10 2696.54 2692.75 2704.73 2720.18 2742.18 2781.49 2828.90 2884.44 2915.67 2932.28 2957.95 3008.29 3041.19 3056.07 3054.82 3036.85 3069.68 3139.65 3160.61 3125.44 3035.84 2960.27 2929.76 2916.49 2935.01 2956.57 2985.34 3119.25 3193.56 3087.38 2724.13 2192.20 

END_VTXPOS

END_FIELDSET

END_SCRIPT		# この行は絶対消さないこと！