#------------------------------------------------------------------------------
# テクスチャファイル名
#------------------------------------------------------------------------------
TEXTURE_FILENAME = data/TEXTURE/glass.jpg		

#==============================================================================
# フィールドの設置
#==============================================================================
FIELDSET
	POS = 4000.00 0.00 0.00
	BLOCK = 240 40
	SIZE = 40.0 40.0
	VTXPOS
	7.29 9.02 1.66 1.90 0.92 3.20 5.04 1.92 8.54 7.07 5.54 5.70 2.62 -0.98 2.88 -3.55 -2.97 -0.46 0.72 -3.64 1.67 -2.24 0.81 -0.16 -0.78 -3.22 -4.69 -2.64 -4.02 4.21 0.63 -2.21 3.88 6.97 7.98 3.93 1.05 0.00 0.00 0.00 0.00 0.00 0.00 0.00 0.00 0.00 0.00 0.00 0.00 0.00 0.00 0.00 0.00 0.00 0.00 0.00 0.00 0.00 0.00 0.00 0.00 0.00 0.00 0.00 0.00 0.00 0.00 0.00 0.00 0.00 0.00 0.00 0.00 0.00 0.00 0.00 0.00 0.00 0.51 1.50 3.24 5.89 8.79 12.42 16.43 21.07 25.09 28.99 32.88 36.89 41.36 44.39 46.42 48.09 48.81 48.89 48.34 46.20 43.41 41.79 41.28 41.06 41.88 43.01 45.23 48.42 51.62 53.68 55.25 55.89 56.07 57.68 59.50 61.29 62.94 63.90 65.58 67.00 68.09 69.66 69.92 70.32 71.35 73.75 75.19 76.39 79.31 83.35 88.74 94.27 99.31 104.05 108.37 113.20 117.00 117.35 116.50 114.19 112.25 109.86 108.97 109.28 109.71 110.84 113.74 118.49 124.06 127.69 130.23 132.17 133.83 136.32 138.96 142.45 146.78 150.03 152.44 153.29 151.36 148.76 146.40 144.52 143.29 140.51 135.56 131.76 129.34 126.43 125.74 128.60 133.35 141.45 150.13 159.02 168.73 177.02 183.74 189.27 196.92 205.62 215.79 222.91 229.55 231.47 228.47 221.15 212.59 202.18 193.17 187.93 182.58 179.40 178.78 181.95 181.90 179.35 178.83 180.44 180.44 177.90 172.21 166.82 163.57 160.73 164.46 169.66 172.54 170.93 166.66 166.97 169.05 169.34 169.11 170.19 174.32 182.04 188.54 196.74 199.50 201.46 201.91 197.56 192.98 185.73 181.83 177.92 174.67 172.85 174.30 183.42 193.56 201.36 204.16 207.25 208.80 205.07 186.33 157.92 125.58 95.49 68.49 
	19.63 28.95 22.55 23.80 48.37 71.01 67.82 53.26 53.74 40.01 29.55 31.01 33.95 25.21 22.82 18.21 21.73 26.81 26.68 24.79 31.88 31.44 39.16 39.33 44.56 48.49 53.46 57.28 55.94 55.21 43.99 35.93 35.23 27.65 17.66 10.04 3.17 0.00 0.00 0.00 0.00 0.00 0.00 0.00 0.00 0.00 0.00 0.00 0.00 0.00 0.00 0.00 0.00 0.00 0.00 0.00 0.00 0.00 0.00 0.00 0.00 0.00 0.00 0.00 0.00 0.00 0.00 0.00 0.00 0.00 0.00 0.00 0.00 0.00 0.00 0.00 0.00 0.00 0.45 1.39 3.07 5.67 8.52 12.03 15.85 19.95 24.05 27.94 32.01 36.38 40.95 44.27 46.52 48.58 49.60 49.87 49.11 46.75 43.76 42.01 41.41 41.34 42.35 43.64 45.82 49.07 52.32 54.59 56.55 57.58 58.61 60.92 63.17 65.52 67.63 69.85 72.43 75.04 76.67 79.12 80.47 82.46 85.16 89.10 91.74 93.57 97.23 99.70 104.49 110.04 114.07 118.53 125.29 132.85 139.05 141.56 141.01 137.54 133.44 130.45 129.60 129.22 129.94 133.56 138.47 143.82 149.18 153.22 156.37 158.70 163.47 167.96 170.81 175.61 181.25 185.60 189.75 191.54 189.92 188.42 186.34 183.71 183.35 181.25 176.10 169.98 165.47 160.57 158.87 164.45 174.66 185.32 196.30 207.19 217.78 227.36 232.90 237.60 249.04 261.45 272.22 278.91 283.17 284.82 281.29 272.24 262.58 251.80 245.11 241.62 239.37 238.48 238.17 243.76 246.14 247.41 251.55 253.10 249.99 243.59 238.59 234.86 231.68 224.22 221.86 224.46 228.21 228.42 224.83 221.90 223.17 223.98 222.18 222.94 228.36 235.62 240.65 247.33 250.01 252.63 251.52 248.01 244.37 236.90 232.31 226.39 220.64 215.00 214.40 227.11 237.94 245.30 247.99 248.92 250.66 245.93 224.17 189.51 151.67 116.39 84.37 
	28.89 52.16 67.92 84.35 104.52 128.95 127.27 128.55 121.08 112.23 100.36 97.85 94.74 83.26 80.23 80.68 84.25 87.42 94.26 106.44 116.84 120.53 135.84 149.62 142.58 135.51 127.04 123.88 123.74 118.09 104.24 94.08 77.77 56.93 34.20 17.61 6.17 0.23 0.00 0.00 0.00 0.00 0.00 0.00 0.00 0.00 0.00 0.00 0.00 0.00 0.00 0.00 0.00 0.00 0.00 0.00 0.00 0.00 0.00 0.00 0.00 0.00 0.00 0.00 0.00 0.00 0.00 0.00 0.00 0.00 0.00 0.00 0.00 0.00 0.00 0.00 0.00 0.00 0.29 1.06 2.54 4.94 7.64 10.77 14.11 17.74 21.31 24.77 28.66 32.92 37.29 40.58 42.67 44.33 44.90 44.78 44.43 42.91 40.70 38.90 38.10 37.80 38.24 39.48 42.10 45.32 48.28 50.35 52.23 53.20 54.57 57.35 60.40 63.37 65.95 68.83 72.81 77.15 80.50 84.50 87.56 90.79 95.59 100.62 103.05 105.43 108.61 111.83 117.85 122.21 125.09 130.54 138.35 145.82 153.63 157.92 157.85 154.68 150.88 148.52 146.63 146.07 147.43 152.19 157.84 164.13 169.10 174.40 176.83 181.15 187.09 192.85 198.15 204.23 211.06 216.86 223.17 226.75 226.62 224.66 223.18 221.14 218.81 216.85 213.01 207.23 201.32 195.79 193.95 202.07 213.77 227.37 240.57 252.04 263.29 273.22 277.28 282.94 293.95 306.88 318.13 326.50 328.26 330.62 330.92 322.41 310.92 302.48 293.67 289.40 289.88 291.45 295.51 305.16 312.20 321.41 330.21 329.10 323.16 313.84 307.60 305.62 299.79 289.30 281.14 280.91 285.05 290.44 287.95 282.85 280.61 280.94 281.66 283.40 286.97 293.49 298.85 303.62 304.14 304.24 301.14 295.30 290.11 281.72 275.41 271.00 264.83 255.04 251.93 266.44 278.95 285.45 286.20 285.04 287.54 282.85 258.51 219.32 176.48 135.22 98.78 
	21.99 54.92 93.74 126.03 142.39 153.52 151.57 150.01 148.59 148.30 143.71 138.04 132.28 119.45 121.07 120.47 124.18 127.39 133.68 148.46 157.90 161.97 176.71 181.97 170.83 158.30 149.08 143.98 140.27 135.40 122.71 112.95 96.78 74.74 51.13 28.07 8.67 0.17 0.00 0.00 0.00 0.00 0.00 0.00 0.00 0.00 0.00 0.00 0.00 0.00 0.00 0.00 0.00 0.00 0.00 0.00 0.00 0.00 0.00 0.00 0.00 -0.03 -0.24 -0.10 0.00 -0.30 -1.03 -0.96 -0.29 0.00 0.00 0.00 0.00 0.00 0.00 0.00 0.00 0.00 0.03 0.73 1.91 3.85 6.28 8.86 11.79 14.83 17.73 20.57 23.99 27.81 31.75 34.81 36.61 37.91 38.30 37.98 37.66 36.75 35.19 33.47 32.49 31.96 32.16 33.36 35.92 39.11 41.72 43.42 45.12 45.90 47.31 50.48 53.55 56.93 60.00 63.31 67.74 72.91 78.50 83.98 88.53 93.70 100.04 105.05 106.69 110.99 115.64 120.23 126.22 130.29 135.21 142.75 150.72 157.44 164.67 168.12 168.40 165.98 163.84 160.92 158.46 157.79 158.55 163.47 170.32 177.89 184.19 189.89 193.71 200.12 205.50 210.34 216.53 224.12 232.92 239.57 245.71 251.44 253.25 252.37 251.69 249.05 246.03 244.07 241.50 237.90 233.01 228.24 226.59 233.93 244.73 259.42 274.98 288.24 301.16 310.35 315.67 322.50 332.75 344.42 355.30 359.76 359.23 362.01 365.84 360.98 352.10 345.01 336.27 334.18 336.49 343.10 352.48 365.76 376.28 390.50 402.87 403.04 394.42 384.37 379.85 376.11 369.91 354.42 340.51 333.41 336.79 341.77 338.19 330.19 326.33 327.13 329.08 332.90 336.38 342.14 347.83 353.73 354.90 356.23 353.66 346.59 339.41 330.95 326.86 324.72 315.21 301.28 291.43 304.21 316.96 324.78 323.59 317.47 318.17 315.47 290.02 248.68 200.35 155.24 115.09 
	21.73 62.39 117.20 147.42 165.71 173.56 169.10 166.55 168.48 166.24 165.45 163.08 156.36 145.62 146.97 151.48 155.42 167.54 167.13 170.70 178.75 180.88 192.03 191.24 175.30 162.44 159.48 154.39 149.32 142.59 131.27 123.31 108.80 87.53 64.35 38.14 12.03 0.20 0.00 0.00 0.00 0.00 0.00 0.00 0.00 0.00 0.00 0.00 0.00 0.00 0.00 0.00 0.00 0.00 0.00 0.00 0.00 0.00 0.00 -0.54 -2.53 -4.49 -5.24 -4.49 -4.45 -5.40 -6.64 -5.80 -3.50 -0.92 0.00 0.00 0.00 0.00 0.00 0.00 0.00 0.00 0.00 0.34 1.11 2.49 4.55 6.61 9.08 11.47 13.68 16.12 18.64 21.57 24.89 27.68 29.40 30.22 30.71 30.47 29.98 29.28 28.19 26.85 25.49 24.91 24.96 26.31 28.72 31.52 33.57 35.18 36.25 36.98 38.22 41.54 44.13 47.64 51.12 54.42 58.59 64.20 70.75 77.29 83.18 90.05 97.06 102.44 107.41 113.17 119.37 125.34 131.18 137.54 144.49 152.86 161.72 167.91 172.70 174.59 173.26 172.17 171.42 168.63 166.48 165.58 166.82 171.08 179.49 188.46 195.51 201.54 208.39 215.46 220.46 227.22 233.72 241.86 252.51 261.69 268.07 272.57 275.65 274.80 273.07 270.43 267.11 264.02 261.67 260.76 259.91 255.52 253.93 260.51 269.66 282.80 299.04 313.13 327.08 338.54 346.13 352.63 362.28 371.86 381.01 384.79 383.48 385.93 392.01 390.91 387.75 382.94 375.94 375.52 382.45 394.00 408.73 424.69 437.89 454.99 471.20 474.55 464.73 451.79 446.27 441.04 433.36 413.05 393.78 383.22 383.32 387.14 381.46 374.17 368.70 372.20 375.11 380.28 381.70 387.96 396.14 403.64 406.61 411.27 413.79 406.84 398.86 391.32 387.53 384.44 375.44 355.62 340.70 349.19 356.89 360.95 359.41 349.79 344.86 341.39 316.51 274.09 225.10 176.60 131.15 
	29.03 72.92 133.78 160.30 179.25 193.01 187.99 186.03 189.04 186.34 180.84 177.85 172.50 162.51 166.18 170.88 176.80 186.99 189.79 187.98 190.60 192.33 197.13 189.54 174.45 170.43 166.10 163.00 157.64 151.21 135.88 125.79 110.81 93.28 71.78 42.47 14.00 0.27 0.00 0.00 0.00 0.00 0.00 0.00 0.00 0.00 0.00 0.00 0.00 0.00 0.00 0.00 0.00 0.00 0.00 0.00 0.00 -2.31 -5.64 -9.57 -13.59 -16.42 -16.13 -13.67 -8.79 -7.04 -9.43 -10.82 -8.15 -3.24 -0.19 0.00 0.00 0.00 0.00 0.00 0.00 0.00 0.00 0.00 0.46 1.28 2.65 4.39 6.08 7.95 9.75 11.38 12.96 15.05 17.35 19.66 21.54 22.46 22.83 22.70 21.75 21.17 20.44 19.20 17.95 17.15 17.38 18.88 20.91 23.01 24.56 26.04 26.69 27.36 28.30 31.13 33.66 36.65 40.36 43.40 47.34 53.73 60.51 67.23 74.60 82.63 90.77 98.27 105.76 113.13 121.11 128.35 135.04 143.56 151.32 159.48 168.17 174.31 177.07 177.73 176.00 174.76 173.23 170.53 169.38 170.49 172.61 176.65 184.62 193.90 201.13 208.52 216.60 224.00 228.81 236.71 245.06 255.68 271.23 282.69 287.60 288.75 290.82 289.77 288.73 286.10 281.25 278.09 274.48 273.76 277.20 277.42 275.58 281.15 289.47 301.87 316.12 330.09 344.37 359.87 367.67 373.87 382.32 389.31 396.09 400.18 400.83 403.05 411.83 413.86 414.08 413.64 410.21 413.87 428.05 446.17 468.45 486.52 499.45 516.07 530.34 534.84 526.72 508.81 496.78 489.30 479.19 458.39 439.28 429.45 428.51 430.61 424.70 417.31 414.75 422.18 427.91 432.30 435.48 440.66 449.78 457.95 461.38 462.40 467.80 462.61 453.93 447.66 442.12 439.20 431.03 409.13 387.42 390.50 396.97 397.28 389.71 379.69 370.05 363.26 340.19 296.24 245.81 194.82 146.70 
	34.06 81.41 139.39 172.01 189.66 208.16 200.91 197.02 194.60 194.29 190.24 186.09 174.97 170.65 179.03 187.12 187.56 193.06 195.85 192.32 196.79 196.92 198.44 197.25 187.64 183.07 177.30 172.32 167.21 158.80 139.61 132.33 115.10 99.39 79.04 47.19 16.09 -0.46 0.00 0.00 0.00 0.00 0.00 0.00 0.00 0.00 0.00 0.00 0.00 0.00 0.00 0.00 0.00 0.00 0.00 -0.69 -5.57 -13.33 -20.39 -25.40 -28.70 -29.93 -24.87 -16.32 -10.10 -11.65 -14.29 -16.50 -12.49 -5.90 -0.89 0.00 0.00 0.00 0.00 0.00 0.00 0.00 0.00 0.00 0.00 0.35 1.00 2.07 3.35 4.53 5.70 6.78 7.71 8.61 9.85 11.58 13.44 14.67 15.21 14.96 14.20 13.02 12.37 11.53 10.40 9.91 10.62 11.90 13.22 14.15 15.59 16.39 17.08 17.84 18.73 19.88 22.50 25.14 28.40 31.36 35.44 42.01 48.81 55.60 64.09 73.09 83.27 93.02 102.05 112.59 122.83 131.10 138.42 146.76 155.09 161.70 170.25 176.58 178.93 179.08 178.10 176.26 172.32 169.21 169.50 172.43 175.06 179.97 187.09 195.28 202.26 210.43 219.94 227.23 232.85 242.94 257.87 272.66 290.92 305.21 307.53 306.16 305.92 301.86 300.54 297.28 292.64 287.97 286.68 288.34 291.91 289.81 290.43 296.95 306.96 318.84 331.31 343.26 355.38 369.74 378.22 383.43 388.68 394.85 402.68 408.23 411.85 415.32 420.72 425.39 431.60 436.63 440.77 449.74 469.79 495.88 522.41 541.27 552.14 564.43 577.61 581.62 574.90 554.83 535.56 524.77 513.52 497.32 481.31 474.35 472.53 473.90 467.58 460.01 460.96 469.22 476.71 481.07 485.26 489.26 499.02 504.27 504.76 505.79 511.00 508.05 503.36 494.63 488.74 486.12 478.06 456.68 431.81 429.04 429.75 428.00 418.82 404.57 390.60 381.39 356.67 315.19 262.87 210.01 158.13 
	29.37 73.85 146.63 184.56 204.78 217.77 208.05 210.96 210.28 206.38 201.27 194.39 186.18 183.37 194.02 198.25 198.30 201.48 197.98 198.28 201.40 200.99 205.21 203.77 198.82 194.35 188.86 178.90 175.22 163.01 146.77 137.28 119.96 101.90 85.15 57.11 23.41 0.42 0.00 0.00 0.00 0.00 0.00 0.00 0.00 0.00 0.00 0.00 0.00 0.00 0.00 0.00 0.00 0.00 -0.28 -4.40 -16.39 -29.51 -39.91 -43.30 -42.78 -34.54 -23.60 -13.39 -9.55 -14.19 -19.05 -20.33 -15.68 -8.36 -1.23 0.00 0.00 0.00 0.00 0.00 0.00 0.00 0.00 0.00 0.00 0.00 0.04 0.32 0.82 1.56 2.05 2.58 2.87 3.18 3.58 4.55 5.86 7.28 7.88 7.94 7.22 6.19 4.97 4.09 4.02 4.36 5.00 5.53 5.92 6.50 6.79 7.52 8.44 9.27 9.54 9.82 11.64 14.04 16.50 19.52 23.59 29.76 36.29 43.28 52.13 62.76 74.67 86.85 98.13 111.52 123.63 133.67 140.75 148.68 155.64 160.72 170.18 176.22 178.32 178.22 178.38 175.28 170.48 167.02 168.05 170.61 174.73 179.98 187.61 196.09 202.82 210.35 219.92 227.78 236.34 251.21 270.11 286.80 304.16 317.79 323.78 323.19 317.73 311.88 311.76 309.17 304.44 302.61 300.53 301.32 306.01 302.84 300.10 309.57 319.85 333.34 345.77 354.49 362.11 375.13 384.35 386.33 389.50 393.43 401.32 410.22 418.04 420.60 428.16 436.24 446.55 459.29 470.64 481.95 500.09 529.57 559.33 578.81 588.80 599.35 611.34 616.35 609.27 588.92 565.96 553.09 541.96 527.33 513.80 508.47 507.51 509.61 507.00 499.25 504.27 510.82 517.65 520.44 525.61 533.20 540.76 543.71 541.62 540.79 544.86 545.31 543.63 535.30 526.89 525.82 520.19 499.39 471.83 463.70 462.05 455.29 441.96 424.39 409.25 399.56 372.26 330.82 277.09 221.70 169.45 
	9.67 50.85 151.29 203.00 222.18 228.69 225.09 234.85 234.83 225.12 210.63 203.86 202.29 199.58 206.60 211.19 206.44 204.74 202.97 195.59 197.24 196.23 201.67 202.92 196.89 195.91 192.50 184.76 176.03 164.87 155.59 142.80 125.03 108.32 93.80 68.13 35.04 8.55 0.00 0.00 0.00 0.00 0.00 0.00 0.00 0.00 0.00 0.00 0.00 0.00 0.00 0.00 0.00 0.00 -0.72 -10.06 -27.25 -41.30 -48.47 -47.45 -39.81 -31.77 -21.27 -10.98 -10.56 -16.47 -24.66 -23.92 -16.66 -8.47 -1.14 0.00 0.00 0.00 0.00 0.00 0.00 0.00 0.00 0.00 0.00 0.00 0.00 0.00 0.00 0.00 0.00 0.00 0.00 0.04 0.16 0.30 0.63 1.12 1.50 1.73 1.55 0.86 0.24 0.06 0.15 0.45 0.86 0.91 0.80 0.62 0.71 1.04 1.36 1.92 2.36 2.54 2.75 4.39 6.52 8.96 12.42 18.02 24.05 30.82 39.77 51.50 64.51 78.08 92.45 107.58 121.35 133.84 142.71 151.93 158.19 161.94 167.92 172.79 174.60 174.86 174.38 171.65 167.00 164.13 165.40 167.43 173.02 178.33 186.60 195.64 202.32 208.79 217.62 227.87 240.06 259.86 279.83 297.23 312.40 325.94 332.73 333.89 326.46 319.05 318.03 318.48 315.35 313.96 311.12 313.45 318.24 314.64 308.76 319.33 331.29 342.86 353.38 359.96 366.72 382.27 391.31 388.81 387.57 388.40 396.01 406.17 416.29 421.13 432.02 443.81 457.10 475.36 490.57 504.45 522.40 550.11 581.31 600.91 611.49 619.57 631.46 637.14 631.58 611.03 587.15 575.05 563.46 549.89 539.33 532.15 532.47 535.79 535.14 530.07 538.18 547.07 549.66 550.76 558.94 569.25 578.37 578.96 576.40 575.06 580.10 581.05 580.97 573.71 565.95 563.75 557.94 539.74 512.30 496.65 490.59 479.17 466.04 447.55 430.12 416.63 387.99 344.94 292.79 236.18 180.29 
	0.54 47.29 164.27 220.07 239.09 241.94 238.44 247.42 243.66 237.30 220.68 212.42 217.29 216.72 221.46 227.03 216.86 214.47 211.81 202.25 199.17 193.89 198.03 198.94 192.21 192.54 191.02 182.98 173.47 163.26 158.81 149.63 135.61 122.24 107.98 82.36 50.65 20.30 0.60 0.00 0.00 0.00 0.00 0.00 0.00 0.00 0.00 0.00 0.00 0.00 0.00 0.00 0.00 0.00 -1.62 -13.07 -28.50 -40.07 -44.24 -42.69 -33.49 -24.78 -17.98 -11.42 -13.98 -20.79 -26.11 -20.75 -14.56 -6.18 -0.68 0.00 0.00 0.00 0.00 0.00 0.00 0.00 0.00 0.00 0.00 0.00 0.00 0.00 0.00 0.00 0.00 0.00 0.00 0.00 0.00 0.00 0.00 0.00 0.00 0.00 0.00 0.00 0.00 0.00 0.00 0.00 0.00 0.00 0.00 0.00 0.00 0.00 0.00 0.00 0.00 0.00 0.00 0.00 0.87 2.18 4.53 9.07 14.13 20.25 28.55 40.53 54.40 69.82 84.94 101.01 117.35 132.43 145.14 157.16 164.78 167.49 172.51 176.37 177.13 174.37 173.49 171.43 166.15 163.20 164.86 167.19 171.39 177.26 185.82 195.72 204.59 211.26 219.83 230.74 244.98 268.74 288.68 305.36 319.86 334.41 341.96 341.16 331.38 323.64 322.46 322.15 320.50 322.23 319.68 323.01 330.36 325.74 319.25 324.98 337.70 348.52 353.13 358.84 368.07 384.40 393.07 394.46 390.71 387.43 392.32 402.99 413.37 424.17 435.72 449.95 468.08 487.57 507.05 523.70 541.26 566.60 595.57 617.57 628.38 633.27 638.70 646.17 643.25 626.29 607.30 597.36 585.68 574.19 566.50 559.06 560.63 563.13 561.92 559.67 564.80 571.91 574.04 574.64 580.43 593.27 608.03 614.49 612.91 610.40 617.03 620.49 617.96 612.34 605.91 601.54 595.02 578.15 549.13 530.28 519.51 506.66 490.36 469.91 450.29 432.70 402.64 360.72 309.90 253.89 193.12 
	8.21 62.55 194.79 236.58 245.44 246.79 242.00 246.60 245.00 242.90 232.02 228.94 229.28 231.14 239.05 240.91 227.62 224.05 222.27 210.74 206.59 195.91 200.84 203.10 196.53 192.44 188.06 179.29 171.97 162.60 159.24 156.99 144.76 136.75 120.87 94.66 66.01 32.51 3.46 0.00 0.00 0.00 0.00 0.00 0.00 0.00 0.00 0.00 0.00 0.00 0.00 0.00 0.00 0.00 -1.33 -11.28 -21.70 -30.10 -29.67 -25.72 -23.01 -18.78 -18.40 -16.61 -16.69 -19.94 -21.62 -16.44 -9.51 -2.54 0.00 0.00 0.00 0.00 0.00 0.00 0.00 0.00 0.00 0.00 0.00 0.00 0.00 0.00 0.00 0.00 0.00 0.00 0.00 0.00 0.00 0.00 0.00 0.00 0.00 0.00 0.00 0.00 0.00 0.00 0.00 0.00 0.00 0.00 0.00 0.00 0.00 0.00 0.00 0.00 0.00 0.00 0.00 0.00 0.00 0.00 0.53 3.27 7.17 11.69 19.23 32.18 47.82 64.43 81.82 99.39 117.84 135.25 150.32 161.50 170.15 174.66 179.00 180.27 177.94 173.10 172.37 170.44 167.10 163.95 165.92 168.17 171.71 178.52 187.97 197.57 206.99 214.90 226.90 237.27 252.74 279.45 301.99 318.40 332.59 348.14 354.38 352.03 340.69 331.19 327.97 328.96 329.41 332.28 331.74 336.46 344.91 339.54 331.02 333.38 346.21 355.60 361.86 363.94 373.28 386.75 397.20 401.95 399.16 394.97 399.51 406.56 416.85 429.25 443.43 463.22 485.68 504.71 523.79 538.80 556.71 582.48 607.06 627.68 638.55 642.58 641.89 650.41 651.58 635.98 621.79 615.37 607.86 601.52 593.47 586.78 585.44 589.48 591.24 590.19 594.94 603.16 605.55 605.24 606.80 617.47 636.22 645.95 646.22 643.82 650.17 655.04 655.60 651.13 640.66 636.36 631.35 613.82 583.68 562.39 548.26 530.67 512.60 492.78 472.49 452.80 419.57 375.24 325.73 270.00 207.31 
	3.83 70.70 203.20 244.08 247.73 247.95 247.21 257.11 255.40 255.00 243.43 241.98 239.70 242.03 243.42 241.69 229.66 230.88 232.41 219.71 218.68 209.77 211.09 209.39 197.96 191.68 190.24 185.88 179.70 169.19 167.25 160.63 143.59 131.27 118.87 101.25 75.53 43.40 6.70 0.00 0.00 0.00 0.00 0.00 0.00 0.00 0.00 0.00 0.00 0.00 0.00 0.00 0.00 0.00 -0.28 -6.58 -12.52 -15.26 -14.67 -14.24 -16.56 -18.30 -17.91 -15.20 -14.55 -16.15 -12.13 -7.01 -2.16 -0.05 0.00 0.00 0.00 0.00 0.00 0.00 0.00 0.00 0.00 0.00 0.00 0.00 0.00 0.00 0.00 0.00 0.00 0.00 0.00 0.00 0.00 0.00 0.00 0.00 0.00 0.00 0.00 0.00 0.00 0.00 0.00 0.00 0.00 0.00 0.00 0.00 0.00 0.00 0.00 0.00 0.00 0.00 0.00 0.00 0.00 0.00 0.05 1.40 4.52 8.26 14.92 27.01 43.89 62.78 81.68 101.87 121.61 139.90 154.64 166.40 174.42 178.84 182.22 183.16 178.55 171.07 170.70 170.45 169.53 165.67 167.98 170.01 173.57 181.81 191.60 200.58 208.77 217.52 230.44 239.95 256.89 286.51 312.55 329.62 344.86 360.83 366.96 362.63 348.34 339.16 338.12 339.60 341.42 344.71 345.67 350.37 360.99 355.02 346.99 346.36 358.01 368.50 372.64 375.19 382.20 396.71 405.32 404.74 403.57 400.88 403.12 410.26 421.67 435.10 451.48 472.47 495.74 514.63 529.59 546.65 566.61 595.27 619.99 638.29 647.15 648.61 646.55 652.78 653.77 641.73 632.85 627.74 624.74 620.02 618.32 613.32 614.36 622.75 627.28 625.70 628.91 636.25 640.63 641.61 641.82 646.67 662.29 674.21 675.30 673.90 675.68 679.43 678.66 676.53 670.57 659.97 654.97 638.23 606.43 584.58 571.05 549.92 532.53 514.00 493.10 467.51 432.60 388.93 338.62 283.82 220.29 
	-1.09 68.27 205.07 242.18 245.00 244.71 254.43 272.12 267.34 261.61 248.31 241.86 243.99 244.36 243.78 240.82 230.35 236.59 235.61 223.30 225.43 218.18 216.60 211.74 197.63 191.57 192.38 189.33 182.51 167.89 172.20 159.46 128.55 109.29 105.29 101.95 82.23 50.12 10.58 0.00 0.00 0.00 0.00 0.00 0.00 0.00 0.00 0.00 0.00 0.00 0.00 0.00 0.00 0.00 0.00 -1.99 -5.70 -6.30 -4.84 -5.92 -9.58 -14.36 -14.64 -10.94 -6.97 -4.13 -1.61 -0.03 0.00 0.00 0.00 0.00 0.00 0.00 0.00 0.00 0.00 0.00 0.00 0.00 0.00 0.00 0.00 0.00 0.00 0.00 0.00 0.00 0.00 0.00 0.00 0.00 0.00 0.00 0.00 0.00 0.00 0.00 0.00 0.00 0.00 0.00 0.00 0.00 0.00 0.00 0.00 0.00 0.00 0.00 0.00 0.00 0.00 0.00 0.00 0.00 0.00 0.31 2.32 5.42 11.78 23.07 41.08 61.64 81.49 103.34 123.96 142.53 158.99 170.00 176.71 180.39 183.62 182.83 178.85 171.54 171.46 172.84 171.26 166.17 168.47 171.85 177.66 186.67 194.59 201.42 208.38 219.17 231.46 243.22 261.68 290.76 317.68 338.34 355.64 372.87 377.00 368.08 351.91 349.42 351.46 357.40 359.60 360.60 359.94 363.80 373.32 370.16 364.64 364.47 375.76 386.86 392.39 392.69 398.22 409.87 415.13 410.63 401.34 398.11 402.94 411.36 423.19 437.84 456.49 477.51 497.73 514.27 531.06 555.20 576.16 601.73 629.91 645.07 650.68 651.67 655.04 664.05 665.66 655.73 646.28 645.49 642.97 643.35 642.05 639.85 642.09 649.25 653.60 649.74 648.82 662.96 670.18 671.49 670.78 675.89 687.15 697.57 698.98 698.70 699.02 699.90 699.58 703.10 699.64 684.50 675.01 656.56 626.72 603.56 587.14 564.45 547.71 533.67 511.30 483.58 449.10 401.50 351.30 295.63 229.76 
	16.47 86.74 204.94 239.69 245.32 248.19 259.29 269.60 263.93 257.49 245.29 240.19 240.61 237.09 235.62 233.68 225.94 234.25 234.09 222.72 226.76 218.67 213.84 208.34 195.97 186.58 188.47 190.00 187.73 172.05 169.73 157.04 121.84 95.39 96.90 102.38 86.93 53.33 15.32 0.00 0.00 0.00 0.00 0.00 0.00 0.00 0.00 0.00 0.00 0.00 0.00 0.00 0.00 0.00 0.00 0.00 -1.07 -2.56 -2.67 -3.01 -5.67 -6.59 -4.40 -2.38 -0.78 0.00 0.00 0.00 0.00 0.00 0.00 0.00 0.00 0.00 0.00 0.00 0.00 0.00 0.00 0.00 0.00 0.00 0.00 0.00 0.00 0.00 0.00 0.00 0.00 0.00 0.00 0.00 0.00 0.00 0.00 0.00 0.00 0.00 0.00 0.00 0.00 0.00 0.00 0.00 0.00 0.00 0.00 0.00 0.00 0.00 0.00 0.00 0.00 0.00 0.00 0.00 0.00 0.00 0.42 2.54 8.14 19.88 37.81 58.25 79.79 102.70 124.97 145.25 162.94 173.51 179.40 181.66 185.06 183.93 179.16 172.44 172.45 173.39 172.69 168.70 168.40 173.58 182.84 191.29 197.68 203.30 210.62 222.82 237.18 251.14 268.57 295.00 320.41 343.30 362.97 377.42 377.89 367.70 358.04 357.89 364.05 370.52 371.49 371.87 370.57 373.51 381.49 378.58 375.02 377.24 390.82 403.13 409.31 407.70 412.20 420.40 420.51 412.56 402.67 397.40 403.62 413.92 428.81 442.52 459.92 478.73 495.94 513.41 536.66 557.14 575.48 599.67 626.28 641.64 647.78 650.09 658.72 672.84 679.70 674.01 669.07 669.97 671.68 672.30 672.27 666.70 666.61 676.14 683.09 676.23 672.73 687.42 702.09 703.61 701.71 707.16 718.14 730.64 734.16 731.47 729.05 728.81 727.49 733.70 730.53 711.43 696.08 678.71 651.11 625.86 605.37 578.28 562.94 550.88 528.67 496.46 461.80 414.41 363.38 306.63 238.81 
	7.44 82.78 202.52 235.41 244.83 249.66 265.30 273.45 267.83 266.56 253.49 242.89 232.84 228.48 228.52 231.73 223.64 231.43 236.37 229.84 231.41 220.44 212.93 201.97 185.68 175.42 179.48 185.68 187.62 175.81 167.30 155.07 123.88 97.66 98.80 103.70 90.91 57.77 20.54 0.00 0.00 0.00 0.00 0.00 0.00 0.00 0.00 0.00 0.00 0.00 0.00 0.00 0.00 0.00 0.00 0.00 0.00 0.00 -0.75 -1.26 -1.03 -0.17 0.00 0.00 0.00 0.00 0.00 0.00 0.00 0.00 0.00 0.00 0.00 0.00 0.00 0.00 0.00 0.00 0.00 0.00 0.00 0.00 0.00 0.00 0.00 0.00 0.00 0.00 0.00 0.00 0.00 0.00 0.00 0.00 0.00 0.00 0.00 0.00 0.00 0.00 0.00 0.00 0.00 0.00 0.00 0.00 0.00 0.00 0.00 0.00 0.00 0.00 0.00 0.00 0.00 0.00 0.00 0.00 0.00 0.37 4.63 17.46 34.92 54.91 75.93 99.79 123.43 146.79 166.37 177.61 182.24 183.46 186.79 184.66 176.49 168.83 169.57 171.76 172.48 170.52 168.82 175.93 185.21 194.00 199.61 204.49 212.20 225.78 239.96 255.42 271.19 296.91 321.64 343.12 359.13 372.78 374.60 366.67 363.95 365.08 371.43 376.01 376.33 375.55 373.36 378.42 385.28 386.00 382.49 385.45 399.87 413.27 420.06 419.89 424.61 429.95 427.05 419.65 409.90 402.06 403.06 416.35 433.91 448.88 463.32 476.59 495.42 514.75 537.61 558.41 570.54 592.90 618.57 639.65 653.26 660.14 674.25 694.62 703.69 698.83 691.89 694.49 700.15 702.47 696.83 687.56 689.35 698.05 706.55 701.56 694.27 706.50 726.10 732.24 732.95 738.22 749.76 765.86 773.65 770.85 759.72 758.20 755.16 758.15 751.85 734.56 715.16 696.60 672.15 646.89 623.50 595.40 577.76 565.72 544.55 512.14 472.95 424.46 372.63 314.50 245.61 
	4.72 79.66 202.74 227.13 233.27 241.46 261.76 265.68 263.63 267.62 258.81 249.52 238.71 233.72 234.85 240.34 229.86 237.60 243.71 234.58 233.34 221.60 210.20 200.26 184.25 170.58 174.23 178.79 180.34 173.99 164.88 155.73 133.64 107.53 102.76 106.80 97.59 63.23 25.77 0.00 0.00 0.00 0.00 0.00 0.00 0.00 0.00 0.00 0.00 0.00 0.00 0.00 0.00 0.00 0.00 0.00 0.00 0.00 0.00 0.00 0.00 0.00 0.00 0.00 0.00 0.00 0.00 0.00 0.00 0.00 0.00 0.00 0.00 0.00 0.00 0.00 0.00 0.00 0.00 0.00 0.00 0.00 0.00 0.00 0.00 0.00 0.00 0.00 0.00 0.00 0.00 0.00 0.00 0.00 0.00 0.00 0.00 0.00 0.00 0.00 0.00 0.00 0.00 0.00 0.00 0.00 0.00 0.00 0.00 0.00 0.00 0.00 0.00 0.00 0.00 0.00 0.00 0.00 0.00 0.04 3.69 16.08 33.37 52.56 72.61 94.53 119.96 146.08 167.91 180.88 186.84 187.79 189.69 185.19 174.85 165.86 166.64 170.85 173.15 170.39 170.41 175.37 186.01 195.40 201.42 205.93 214.01 228.90 243.94 259.45 274.88 297.78 320.85 341.89 355.28 369.17 372.16 368.42 366.84 368.95 374.33 375.93 375.49 375.29 372.90 377.04 386.99 388.53 385.36 390.48 407.03 420.12 425.81 426.30 431.98 437.80 435.36 425.92 414.46 404.58 403.97 417.07 435.82 451.72 467.63 481.10 496.34 511.61 534.36 555.57 567.14 590.57 619.23 645.94 662.50 668.26 683.63 709.36 724.67 719.21 712.49 719.90 731.44 733.25 722.95 712.13 714.79 718.84 724.35 719.81 712.56 720.84 738.91 752.72 753.74 759.47 771.96 789.08 799.64 797.48 784.30 776.37 773.90 772.20 768.74 750.24 726.30 708.58 689.43 665.42 640.53 613.32 596.28 581.11 560.57 524.09 479.37 431.11 378.41 317.55 247.72 
	6.44 63.69 186.27 217.19 226.69 234.12 250.94 252.28 249.80 251.40 250.68 247.75 241.14 239.42 237.64 242.89 232.99 242.07 247.50 240.36 237.12 231.69 221.34 208.91 187.85 171.89 170.04 171.21 172.41 168.96 158.66 153.61 137.22 111.87 103.76 110.10 104.11 69.27 31.09 0.59 0.00 0.00 0.00 0.00 0.00 0.00 0.00 0.00 0.00 0.00 0.00 0.00 0.00 0.00 0.00 0.00 0.00 0.00 0.00 0.00 0.00 0.00 0.00 0.00 0.00 0.00 0.00 0.00 0.00 0.00 0.00 0.00 0.00 0.00 0.00 0.00 0.00 0.00 0.00 0.00 0.00 0.00 0.00 0.00 0.00 0.00 0.00 0.00 0.00 0.00 0.00 0.00 0.00 0.00 0.00 0.00 0.00 0.00 0.00 0.00 0.00 0.00 0.00 0.00 0.00 0.00 0.00 0.00 0.00 0.00 0.00 0.00 0.00 0.00 0.00 0.00 0.00 0.00 0.00 0.00 3.88 17.46 34.84 54.06 73.26 93.95 120.71 147.52 167.07 179.42 184.86 185.77 188.82 185.60 175.00 163.87 165.22 169.84 172.31 170.67 170.74 175.65 185.88 196.26 203.52 208.82 217.28 232.47 248.13 263.38 276.03 298.39 320.65 339.11 353.25 368.11 370.06 370.66 369.22 370.02 373.83 376.23 376.23 375.17 373.42 374.02 382.81 386.85 385.39 392.57 409.82 425.28 435.21 433.37 435.17 439.19 437.49 428.21 415.62 406.10 401.80 410.74 432.74 451.71 467.22 479.97 494.20 510.60 530.32 553.93 566.21 592.53 624.65 652.93 672.70 679.58 690.70 721.29 738.78 733.50 727.80 734.94 745.59 747.64 735.62 720.47 728.14 730.97 735.75 732.69 725.52 732.97 752.64 766.88 765.92 770.15 781.81 797.50 806.85 808.20 793.23 781.95 781.76 779.10 775.33 759.20 733.45 714.53 697.70 678.96 651.74 629.99 613.86 596.62 571.72 532.75 482.91 434.70 382.84 317.64 246.28 
	-2.59 46.09 171.04 213.06 220.71 228.89 237.25 240.16 242.62 251.16 251.15 252.44 246.43 242.86 242.95 239.33 230.91 238.75 250.00 245.83 245.82 237.38 226.05 211.50 189.88 170.91 165.45 167.48 171.56 168.62 153.74 147.98 136.66 113.34 104.45 112.66 107.97 75.79 36.53 3.10 0.00 0.00 0.00 0.00 0.00 0.00 0.00 0.00 0.00 0.00 0.00 0.00 0.00 0.00 0.00 0.00 0.00 0.00 0.00 0.00 0.00 0.00 0.00 0.00 0.00 0.00 0.00 0.00 0.00 0.00 0.00 0.00 0.00 0.00 0.00 0.00 0.00 0.00 0.00 0.00 0.00 0.00 0.00 0.00 0.00 0.00 0.00 0.00 0.00 0.00 0.00 0.00 0.00 0.00 0.00 0.00 0.00 0.00 0.00 0.00 0.00 0.00 0.00 0.00 0.00 0.00 0.00 0.00 0.00 0.00 0.00 0.00 0.00 0.00 0.00 0.00 0.00 0.00 0.00 0.00 3.96 18.19 36.03 55.33 74.61 93.62 120.64 147.97 165.17 174.76 179.66 181.80 185.88 183.74 171.34 159.20 163.22 167.81 169.95 168.48 169.44 175.02 185.91 197.34 205.53 212.73 222.03 236.46 251.80 267.62 279.78 300.15 319.29 334.35 348.30 361.67 364.97 367.56 368.80 369.25 372.92 375.17 377.15 378.75 376.21 370.22 380.34 384.59 385.01 393.83 412.56 428.40 442.31 444.77 439.24 438.62 436.44 427.00 418.05 407.09 400.64 409.34 429.90 450.49 464.38 480.92 496.07 512.90 531.93 552.26 568.40 596.17 631.92 661.43 681.65 687.67 700.39 730.14 745.56 739.12 730.82 733.15 743.61 745.65 734.98 717.95 725.87 734.97 739.56 741.34 735.89 740.96 761.44 776.77 776.17 779.26 791.71 801.25 807.51 809.50 799.79 786.47 784.37 784.72 785.24 770.83 744.87 725.80 708.25 692.16 666.01 646.48 626.99 606.96 578.75 535.72 483.32 434.19 382.48 315.44 243.71 
	4.23 56.83 182.53 207.87 210.52 222.64 234.19 235.51 236.51 251.74 251.04 249.59 244.42 242.64 244.52 239.10 228.49 240.89 251.97 249.67 249.30 238.11 228.86 212.97 190.87 169.69 162.80 165.69 171.57 167.76 149.53 141.53 134.76 114.70 103.47 112.62 111.15 82.60 42.08 6.61 0.00 0.00 0.00 0.00 0.00 0.00 0.00 0.00 0.00 0.00 0.00 0.00 0.00 0.00 0.00 0.00 0.00 0.00 0.00 0.00 0.00 0.00 0.00 0.00 0.00 0.00 0.00 0.00 0.00 0.00 0.00 0.00 0.00 0.00 0.00 0.00 0.00 0.00 0.00 0.00 0.00 0.00 0.00 0.00 0.00 0.00 0.00 0.00 0.00 0.00 0.00 0.00 0.00 0.00 0.00 0.00 0.00 0.00 0.00 0.00 0.00 0.00 0.00 0.00 0.00 0.00 0.00 0.00 0.00 0.00 0.00 0.00 0.00 0.00 0.00 0.00 0.00 0.00 0.00 0.00 4.00 18.36 36.56 55.98 75.74 95.05 121.12 148.50 165.11 173.95 177.27 179.06 182.13 179.49 167.04 155.95 160.54 164.52 166.16 165.52 166.59 173.80 187.06 197.90 207.32 218.11 229.67 243.00 256.99 271.24 283.10 301.19 315.30 327.30 339.51 351.25 357.57 362.77 363.44 366.79 371.14 377.53 381.90 383.28 377.70 369.00 377.51 380.91 382.34 392.75 412.91 429.48 442.31 445.70 439.54 436.15 433.48 427.43 420.14 409.68 405.21 412.88 433.47 449.83 463.25 479.15 495.15 513.59 531.90 551.34 568.21 599.14 637.03 666.72 683.88 690.48 702.36 730.88 745.40 739.78 729.17 727.51 733.93 738.97 731.63 716.68 724.31 735.09 740.56 742.20 742.11 749.14 764.85 780.93 785.29 789.14 800.16 806.73 813.62 816.45 806.11 795.02 798.47 799.59 804.64 795.87 771.39 747.97 727.02 705.79 679.39 655.18 634.31 610.33 578.62 532.61 478.93 427.23 377.06 311.77 238.21 
	13.00 81.35 186.01 207.53 212.39 225.50 237.91 237.04 234.76 242.11 241.46 243.35 241.08 245.86 248.61 243.14 231.06 241.19 251.03 250.31 249.26 244.97 232.30 216.43 189.32 168.27 161.22 162.38 166.02 165.23 147.13 138.80 131.18 115.88 104.18 112.72 113.57 88.13 47.72 10.84 0.00 0.00 0.00 0.00 0.00 0.00 0.00 0.00 0.00 0.00 0.00 0.00 0.00 0.00 0.00 0.00 0.00 0.00 0.00 0.00 0.00 0.00 0.00 0.00 0.00 0.00 0.00 0.00 0.00 0.00 0.00 0.00 0.00 0.00 0.00 0.00 0.00 0.00 0.00 0.00 0.00 0.00 0.00 0.00 0.00 0.00 0.00 0.00 0.00 0.00 0.00 0.00 0.00 0.00 0.00 0.00 0.00 0.00 0.00 0.00 0.00 0.00 0.00 0.00 0.00 0.00 0.00 0.00 0.00 0.00 0.00 0.00 0.00 0.00 0.00 0.00 0.00 0.00 0.00 0.00 3.70 18.02 36.31 56.58 76.23 95.38 120.49 147.11 164.53 173.15 175.88 176.16 177.56 173.78 162.15 152.36 156.56 160.35 161.91 160.53 163.05 172.84 188.93 200.31 209.25 222.57 235.62 249.84 262.39 275.75 287.69 303.57 314.07 322.91 332.29 345.25 351.17 358.20 357.94 358.41 368.63 380.50 384.16 383.87 376.48 366.68 373.51 376.50 379.48 391.54 411.81 427.40 442.28 442.89 436.82 433.50 432.24 426.57 418.62 408.55 404.93 415.61 432.96 446.43 461.21 475.36 491.56 509.48 527.59 545.41 563.09 591.95 627.51 660.22 681.23 689.49 702.08 729.32 746.32 741.97 734.40 729.42 728.33 731.62 727.27 718.13 724.14 732.66 735.00 740.76 745.46 752.42 766.27 780.67 790.27 794.32 804.48 810.29 818.34 820.01 813.91 805.18 808.81 816.17 827.04 819.84 796.26 771.49 744.82 718.20 683.73 656.89 634.25 607.25 572.35 525.28 472.15 419.02 366.82 302.90 231.38 
	4.46 76.61 196.23 218.06 220.10 231.50 236.03 231.11 229.05 239.77 240.73 242.50 244.33 243.91 248.64 247.19 236.73 244.83 256.41 253.16 255.74 244.10 233.08 213.78 184.31 162.50 157.40 157.60 161.65 160.77 143.34 133.65 127.02 116.32 105.27 112.94 115.06 92.74 53.45 15.64 0.00 0.00 0.00 0.00 0.00 0.00 0.00 0.00 0.00 0.00 0.00 0.00 0.00 0.00 0.00 0.00 0.00 0.00 0.00 0.00 0.00 0.00 0.00 0.00 0.00 0.00 0.00 0.00 0.00 0.00 0.00 0.00 0.00 0.00 0.00 0.00 0.00 0.00 0.00 0.00 0.00 0.00 0.00 0.00 0.00 0.00 0.00 0.00 0.00 0.00 0.00 0.00 0.00 0.00 0.00 0.00 0.00 0.00 0.00 0.00 0.00 0.00 0.00 0.00 0.00 0.00 0.00 0.00 0.00 0.00 0.00 0.00 0.00 0.00 0.00 0.00 0.00 0.00 0.00 0.00 3.10 17.59 35.97 55.58 75.33 94.23 118.06 144.54 161.77 170.36 172.79 172.56 172.91 168.17 156.44 147.93 152.04 155.98 156.72 156.02 160.21 172.45 187.74 200.53 210.68 225.00 240.30 254.82 265.81 278.99 289.50 304.15 312.26 318.54 326.57 340.11 346.58 351.57 352.53 355.72 368.82 378.63 382.93 381.16 374.29 363.45 369.96 375.03 376.05 388.79 409.36 429.08 440.99 439.92 435.14 434.45 429.85 422.85 412.73 402.93 401.93 415.00 429.61 439.48 455.22 468.88 481.60 497.46 516.29 536.35 554.76 585.91 619.54 648.75 674.08 688.10 701.17 723.15 739.01 736.57 730.24 726.44 723.25 724.18 720.97 717.50 722.98 729.18 731.42 739.57 747.63 755.48 765.84 778.80 790.88 797.71 809.39 816.37 817.91 820.45 817.93 812.21 816.83 828.30 837.32 828.40 809.07 782.36 755.94 727.94 688.23 654.55 633.31 604.02 564.58 513.11 458.09 404.55 353.82 292.59 223.12 
	9.39 86.69 197.14 222.46 223.67 229.46 233.03 235.35 238.29 240.39 242.09 247.25 242.13 236.97 241.27 248.22 240.47 248.58 257.62 256.65 258.65 245.19 231.65 209.25 179.55 154.62 151.01 150.17 155.29 157.51 143.09 128.09 121.58 115.48 105.21 111.38 115.21 96.55 59.24 20.87 0.00 0.00 0.00 0.00 0.00 0.00 0.00 0.00 0.00 0.00 0.00 0.00 0.00 0.00 0.00 0.00 0.00 0.00 0.00 0.00 0.00 0.00 0.00 0.00 0.00 0.00 0.00 0.00 0.00 0.00 0.00 0.00 0.00 0.00 0.00 0.00 0.00 0.00 0.00 0.00 0.00 0.00 0.00 0.00 0.00 0.00 0.00 0.00 0.00 0.00 0.00 0.00 0.00 0.00 0.00 0.00 0.00 0.00 0.00 0.00 0.00 0.00 0.00 0.00 0.00 0.00 0.00 0.00 0.00 0.00 0.00 0.00 0.00 0.00 0.00 0.00 0.00 0.00 0.00 0.00 2.67 16.60 34.77 53.76 72.93 91.28 115.22 140.53 157.21 165.74 168.17 167.60 167.98 162.24 150.84 142.83 147.54 151.61 152.56 152.21 157.90 171.99 186.78 199.45 210.90 226.58 242.62 256.10 266.98 276.94 287.62 303.44 310.17 313.76 322.81 337.33 344.76 348.46 347.62 352.12 366.80 375.88 378.96 375.12 367.50 359.15 363.84 370.55 374.49 388.40 408.41 428.00 442.24 439.66 434.79 436.11 431.16 421.55 409.50 399.42 400.99 416.65 430.34 436.14 448.91 458.26 468.92 487.38 506.09 527.17 549.68 580.32 612.07 639.23 667.50 684.76 700.11 716.16 730.34 732.11 728.11 726.79 723.64 723.30 722.69 721.91 727.12 731.20 734.22 740.21 746.33 754.01 760.49 767.60 778.47 787.14 798.77 804.59 802.40 804.71 810.20 809.25 812.69 825.66 834.37 825.03 805.35 782.90 754.95 725.85 688.42 651.73 625.29 597.97 560.16 509.68 449.81 391.07 338.14 279.73 211.93 
	13.86 92.93 196.36 222.85 227.39 230.00 233.23 232.44 238.58 244.49 242.07 252.64 244.05 235.97 249.49 253.42 244.19 251.72 257.39 252.86 253.46 242.01 228.49 211.20 180.41 155.94 145.72 142.50 147.44 150.71 139.56 125.40 118.57 115.67 106.11 109.41 113.63 99.78 64.87 26.11 0.00 0.00 0.00 0.00 0.00 0.00 0.00 0.00 0.00 0.00 0.00 0.00 0.00 0.00 0.00 0.00 0.00 0.00 0.00 0.00 0.00 0.00 0.00 0.00 0.00 0.00 0.00 0.00 0.00 0.00 0.00 0.00 0.00 0.00 0.00 0.00 0.00 0.00 0.00 0.00 0.00 0.00 0.00 0.00 0.00 0.00 0.00 0.00 0.00 0.00 0.00 0.00 0.00 0.00 0.00 0.00 0.00 0.00 0.00 0.00 0.00 0.00 0.00 0.00 0.00 0.00 0.00 0.00 0.00 0.00 0.00 0.00 0.00 0.00 0.00 0.00 0.00 0.00 0.00 0.00 2.63 15.44 32.47 51.26 69.20 86.86 110.86 135.04 151.58 160.07 162.74 161.80 162.38 157.57 146.34 138.46 143.08 147.32 148.31 149.05 156.52 171.29 186.66 198.38 210.36 225.31 243.11 255.84 264.77 272.54 280.95 295.87 302.04 305.76 315.13 331.68 339.80 340.77 340.81 346.72 361.20 370.95 373.26 368.56 362.56 355.67 359.75 362.42 369.22 386.41 408.29 429.86 440.69 438.95 434.55 439.80 437.84 424.26 411.52 400.11 402.44 417.20 426.96 431.63 442.97 455.36 469.19 484.20 500.41 519.52 544.82 571.56 602.89 631.09 657.32 679.70 696.53 706.34 714.71 718.33 718.90 719.73 720.81 717.69 719.72 719.86 723.47 724.26 724.86 732.89 741.13 746.77 749.62 750.42 757.10 766.65 774.90 780.10 780.35 783.05 791.33 794.42 797.07 809.38 819.09 811.74 797.67 776.05 751.08 720.06 680.48 644.20 619.72 591.01 550.95 502.70 444.18 385.37 329.00 265.39 200.13 
	4.03 87.78 196.42 218.21 224.36 227.44 225.61 222.00 232.64 241.71 238.22 246.87 240.33 245.38 264.26 269.71 251.59 254.28 252.18 241.90 247.60 238.78 224.72 204.42 177.34 152.55 143.40 138.04 141.17 144.39 136.74 121.08 117.38 117.37 108.14 104.81 107.22 98.05 67.64 30.63 0.71 0.00 0.00 0.00 0.00 0.00 0.00 0.00 0.00 0.00 0.00 0.00 0.00 0.00 0.00 0.00 0.00 0.00 0.00 0.00 0.00 0.00 0.00 0.00 0.00 0.00 0.00 0.00 0.00 0.00 0.00 0.00 0.00 0.00 0.00 0.00 0.00 0.00 0.00 0.00 0.00 0.00 0.00 0.00 0.00 0.00 0.00 0.00 0.00 0.00 0.00 0.00 0.00 0.00 0.00 0.00 0.00 0.00 0.00 0.00 0.00 0.00 0.00 0.00 0.00 0.00 0.00 0.00 0.00 0.00 0.00 0.00 0.00 0.00 0.00 0.00 0.00 0.00 0.00 0.00 2.60 14.25 29.97 47.14 64.72 82.58 106.78 130.96 146.44 153.59 155.19 154.55 155.63 151.68 141.62 134.25 138.39 143.04 145.29 146.34 154.95 170.27 185.38 196.79 206.71 221.75 240.19 252.64 258.77 265.51 273.45 282.50 287.45 292.55 300.33 317.41 326.24 329.98 330.34 338.40 352.69 363.80 365.45 361.17 355.81 350.49 354.21 353.15 356.94 375.26 403.37 426.42 438.94 437.59 433.32 438.86 438.39 427.12 414.34 403.49 403.84 417.16 423.87 424.94 436.76 448.85 463.31 477.50 492.06 513.63 536.97 561.68 592.77 618.76 644.87 667.17 682.31 687.57 693.44 698.79 704.39 706.49 708.44 708.11 709.64 708.99 713.31 712.81 710.63 721.69 732.25 740.17 739.29 736.24 742.82 748.92 755.53 759.22 761.97 765.45 772.92 780.60 782.99 796.48 806.31 799.88 787.09 768.67 742.28 712.17 674.42 635.20 604.79 573.93 534.46 489.20 433.69 377.26 320.35 257.10 189.08 
	9.53 83.68 190.46 213.87 215.46 216.44 215.15 224.27 229.84 224.04 231.31 239.06 239.94 249.25 272.73 270.88 251.90 248.91 245.87 232.35 235.77 228.37 219.38 204.58 176.84 153.67 146.78 141.16 143.43 145.24 138.43 121.73 115.12 117.94 108.75 99.25 99.63 92.47 65.97 32.26 3.15 0.00 0.00 0.00 0.00 0.00 0.00 0.00 0.00 0.00 0.00 0.00 0.00 0.00 0.00 0.00 0.00 0.00 0.00 0.00 0.00 0.00 0.00 0.00 0.00 0.00 0.00 0.00 0.00 0.00 0.00 0.00 0.00 0.00 0.00 0.00 0.00 0.00 0.00 0.00 0.00 0.00 0.00 0.00 0.00 0.00 0.00 0.00 0.00 0.00 0.00 0.00 0.00 0.00 0.00 0.00 0.00 0.00 0.00 0.00 0.00 0.00 0.00 0.00 0.00 0.00 0.00 0.00 0.00 0.00 0.00 0.00 0.00 0.00 0.00 0.00 0.00 0.00 0.00 0.00 2.33 12.74 26.34 42.67 59.20 77.43 102.60 125.58 139.42 145.69 146.88 146.91 148.92 145.09 135.95 129.66 134.99 140.24 142.72 144.60 153.21 168.14 181.94 192.35 201.75 216.03 233.64 244.86 249.15 254.53 262.04 268.60 271.15 274.10 281.59 297.74 308.90 314.11 317.83 326.77 340.90 349.42 351.04 349.93 349.74 346.46 349.13 346.24 346.47 361.24 389.55 415.81 427.80 428.33 423.90 427.08 429.91 421.77 412.75 407.76 406.56 416.64 420.03 418.06 427.39 438.57 452.77 465.17 477.38 496.90 522.45 546.37 577.04 602.16 625.07 646.80 662.33 667.54 674.78 682.74 688.80 693.69 698.42 699.04 702.60 704.70 708.43 707.52 705.61 715.95 726.38 732.30 728.62 724.45 730.36 735.97 737.99 741.19 743.39 745.89 752.36 760.27 769.03 774.76 785.52 782.16 767.89 749.14 720.49 693.62 656.02 616.86 584.06 552.95 514.21 469.91 418.64 363.76 307.42 244.82 179.54 
	5.93 76.17 187.69 208.81 203.52 210.98 224.45 230.76 227.59 225.27 226.58 233.67 233.92 235.19 260.93 268.33 249.16 241.89 237.15 218.02 217.48 214.46 213.49 205.74 181.43 159.06 151.67 140.91 140.48 142.76 137.02 123.07 115.61 119.84 111.31 92.18 89.98 87.47 68.09 33.78 5.77 0.00 0.00 0.00 0.00 0.00 0.00 0.00 0.00 0.00 0.00 0.00 0.00 0.00 0.00 0.00 0.00 0.00 0.00 0.00 0.00 0.00 0.00 0.00 0.00 0.00 0.00 0.00 0.00 0.00 0.00 0.00 0.00 0.00 0.00 0.00 0.00 0.00 0.00 0.00 0.00 0.00 0.00 0.00 0.00 0.00 0.00 0.00 0.00 0.00 0.00 0.00 0.00 0.00 0.00 0.00 0.00 0.00 0.00 0.00 0.00 0.00 0.00 0.00 0.00 0.00 0.00 0.00 0.00 0.00 0.00 0.00 0.00 0.00 0.00 0.00 0.00 0.00 0.00 -0.16 1.20 9.76 22.56 37.20 52.23 70.82 94.84 117.33 131.37 137.31 138.09 139.06 141.53 137.28 129.66 124.59 130.93 137.13 139.91 141.22 149.85 164.19 177.67 187.04 195.74 208.15 224.13 234.03 236.92 241.11 247.14 253.86 255.25 255.48 262.25 278.20 288.46 294.65 299.98 310.44 324.78 335.96 341.99 342.71 343.58 339.77 342.04 340.44 339.35 353.72 377.83 399.42 413.21 416.03 413.23 415.30 420.66 418.17 411.96 405.79 402.46 412.13 414.34 410.73 417.50 427.41 441.27 454.06 461.85 477.32 498.18 527.44 556.54 580.30 603.51 621.98 640.67 650.84 665.12 677.15 681.89 685.03 687.14 689.81 693.19 697.12 699.95 701.18 698.38 706.30 709.51 711.02 709.91 706.84 710.47 713.95 713.12 714.75 720.11 723.26 728.17 738.30 743.96 747.33 758.28 757.23 748.52 730.82 700.52 675.02 639.41 599.89 565.68 531.02 491.10 448.84 401.73 348.92 291.77 230.80 169.26 
	-6.94 63.31 179.11 196.72 192.76 202.96 214.88 219.25 216.76 218.65 227.92 238.37 232.02 223.72 244.27 255.41 245.44 235.01 223.61 209.85 212.74 213.51 215.20 204.02 178.72 159.45 151.90 142.67 141.70 140.68 135.51 122.40 116.00 124.99 107.53 76.39 72.81 77.93 70.03 40.50 9.36 0.00 0.00 0.00 0.00 0.00 0.00 0.00 0.00 0.00 0.00 0.00 0.00 0.00 0.00 0.00 0.00 0.00 0.00 0.00 0.00 0.00 0.00 0.00 0.00 0.00 0.00 0.00 0.00 0.00 -0.05 0.00 0.00 0.00 0.00 0.00 0.00 0.00 0.00 0.00 0.00 0.00 0.00 0.00 0.00 0.00 0.00 0.00 0.00 0.00 0.00 0.00 0.00 0.00 0.00 0.00 0.00 0.00 0.00 0.00 0.00 0.00 0.00 0.00 0.00 0.00 0.00 0.00 0.00 0.00 0.00 0.00 0.00 0.00 0.00 0.00 0.00 0.00 -0.05 -0.76 -0.65 6.78 17.99 30.76 44.06 61.98 83.58 104.79 119.72 127.24 128.85 129.90 132.49 129.00 122.41 119.62 127.08 133.67 137.73 136.87 144.99 159.14 171.25 179.94 188.10 197.45 210.96 221.18 222.99 225.22 230.05 235.77 235.71 235.96 242.07 258.89 269.31 275.75 280.23 290.56 309.63 326.70 333.45 334.69 335.47 330.63 334.95 333.21 333.14 345.31 365.22 383.23 396.79 402.87 402.63 407.57 415.39 416.76 412.05 403.15 397.10 405.97 408.91 406.66 410.68 418.44 431.43 442.79 450.46 461.45 481.73 509.70 536.33 556.42 577.49 598.77 619.89 634.31 652.13 664.02 671.30 674.17 675.93 677.20 681.80 685.65 689.92 689.22 685.51 693.24 691.90 684.91 684.18 680.18 681.15 682.80 681.20 683.89 691.59 695.81 704.51 711.86 714.28 716.80 732.03 736.26 729.08 706.45 676.53 652.03 621.18 584.27 549.09 509.64 466.60 426.30 383.36 331.50 275.11 216.19 159.29 
	0.77 66.42 170.66 184.18 184.25 195.90 201.95 209.17 216.42 220.80 234.44 238.55 226.17 219.64 237.94 247.23 236.01 231.79 220.99 205.43 214.36 215.50 211.54 197.76 176.67 158.68 152.46 141.46 140.35 139.92 132.59 119.43 115.41 120.84 103.50 66.68 64.18 73.52 71.73 46.07 17.01 0.00 0.00 0.00 0.00 0.00 0.00 0.00 0.00 0.00 0.00 -0.64 -1.05 -0.34 0.00 0.00 0.00 0.00 0.00 0.00 0.00 0.00 0.00 0.00 0.00 0.00 0.00 -0.48 -3.16 -5.15 -4.95 -3.22 -0.63 0.00 0.00 0.00 0.00 0.00 0.00 0.00 0.00 0.00 0.00 0.00 0.00 0.00 0.00 0.00 0.00 0.01 0.69 1.74 2.14 2.38 2.61 2.22 0.98 0.00 0.00 0.00 0.00 0.00 0.00 0.00 0.00 0.00 0.00 0.00 0.00 0.00 0.00 0.00 0.00 0.00 0.00 0.00 0.00 0.00 -0.28 -1.61 -2.86 3.74 12.95 23.43 34.88 51.56 71.48 90.43 105.56 114.77 118.32 120.84 123.17 120.50 115.02 114.19 122.38 130.40 134.38 132.62 140.73 153.53 164.81 172.46 179.14 185.59 196.23 205.37 207.53 209.18 212.42 216.92 215.77 214.50 221.35 238.87 249.16 254.97 263.13 274.50 296.78 314.31 321.50 321.92 323.82 320.02 322.90 321.51 321.16 334.20 350.51 367.85 380.74 389.08 390.68 399.62 408.93 410.52 407.00 398.15 390.46 397.97 402.35 399.35 403.82 410.79 422.93 434.62 440.36 448.88 469.55 492.78 514.50 530.41 551.46 574.08 593.95 613.79 631.74 644.23 651.81 655.21 657.09 659.09 660.09 664.21 669.53 671.79 667.46 673.18 669.42 661.87 657.24 650.63 648.42 646.34 643.61 646.09 654.29 660.33 668.94 678.67 680.07 685.63 702.81 708.97 703.62 684.11 653.26 631.73 603.75 573.38 537.53 498.72 449.08 407.99 365.13 313.82 258.81 201.00 148.87 
	7.02 61.66 164.81 172.30 175.85 192.75 204.48 211.35 217.21 225.10 229.52 232.29 224.49 219.21 232.01 239.22 229.52 227.15 219.61 204.50 208.00 207.69 205.52 197.06 174.53 156.94 145.56 137.92 134.76 134.29 127.92 113.00 108.33 114.04 103.80 78.60 77.18 80.06 73.44 48.73 20.28 0.00 0.00 0.00 0.00 0.00 0.00 0.00 0.00 0.00 -0.91 -4.18 -6.09 -3.87 -0.41 0.00 0.00 0.00 0.00 0.00 0.00 0.00 0.00 0.00 0.00 0.00 -0.38 -4.76 -11.94 -16.32 -14.02 -9.07 -4.12 -0.63 0.00 0.00 0.00 0.00 0.00 0.00 0.00 0.00 0.00 0.00 0.00 0.00 0.00 0.00 0.00 1.03 4.04 7.59 9.77 10.22 10.36 9.54 6.87 2.95 0.00 0.00 0.00 0.00 0.00 0.00 0.00 0.00 0.00 0.00 0.00 0.00 0.00 0.00 0.00 0.00 0.00 0.00 0.00 0.00 -0.59 -2.40 -4.46 0.53 7.82 16.14 25.92 40.82 58.63 76.82 90.85 99.80 104.55 108.64 113.23 111.76 107.89 108.39 117.38 126.03 131.35 129.94 137.93 149.49 157.89 164.45 169.41 173.88 182.67 188.59 189.70 192.72 195.64 198.50 196.48 194.20 199.42 215.65 227.06 233.93 243.10 256.83 280.17 297.79 306.67 307.04 308.58 304.05 306.39 304.31 305.39 318.41 335.90 351.60 364.93 371.73 373.82 385.82 397.28 400.33 396.76 387.94 380.35 390.52 396.31 392.68 396.14 403.91 416.75 429.31 437.39 444.23 463.22 480.92 498.43 513.05 532.41 552.82 577.23 600.01 618.55 633.16 639.48 643.58 648.49 650.11 645.85 644.05 647.80 654.29 654.29 660.93 656.53 647.96 641.68 634.43 628.50 622.56 621.32 621.45 627.95 634.46 647.11 657.69 661.34 667.21 688.00 695.09 687.11 667.42 636.73 613.65 589.80 559.24 522.04 482.47 433.42 389.83 345.05 293.17 241.60 187.57 137.19 
	-3.80 46.60 150.26 168.13 171.97 193.89 204.59 206.85 206.92 209.31 219.11 225.77 215.83 212.44 223.74 227.48 218.26 218.33 212.19 199.11 200.68 204.40 203.12 194.06 175.42 154.48 143.80 133.23 126.51 125.05 117.97 105.12 98.37 99.92 101.11 91.38 92.12 85.22 71.03 45.73 18.40 0.00 0.00 0.00 0.00 0.00 0.00 0.00 0.00 0.00 -2.52 -9.42 -14.65 -10.25 -2.39 0.00 0.00 0.00 0.00 0.00 0.00 0.00 0.00 0.00 0.00 0.00 -1.11 -8.05 -19.14 -24.77 -22.41 -14.84 -6.42 -1.39 0.00 0.00 0.00 0.00 0.00 0.00 0.00 0.00 0.00 0.00 0.00 0.00 0.00 0.00 0.21 2.45 7.24 12.66 15.82 17.01 18.16 18.55 15.18 8.22 2.33 0.00 0.00 0.00 0.00 0.00 0.00 0.00 0.00 0.00 0.00 0.00 0.00 0.00 0.00 0.00 0.00 0.02 0.00 0.00 -0.69 -2.68 -4.35 -1.05 4.48 10.24 18.02 31.02 47.11 63.45 75.99 83.45 87.79 92.18 97.38 99.13 99.02 101.65 111.59 120.79 126.13 126.14 133.47 143.11 150.20 156.00 158.37 161.24 169.00 173.04 171.07 174.94 177.95 178.34 175.23 172.37 178.09 193.80 204.69 210.72 220.44 238.38 261.41 280.57 288.43 289.75 291.28 286.84 288.26 287.29 290.27 302.91 318.71 334.59 347.73 352.42 356.26 368.51 379.90 383.92 382.74 374.51 371.71 386.37 393.33 388.54 389.49 400.05 413.83 429.08 441.64 447.86 463.17 476.68 491.49 506.49 525.81 551.52 579.12 602.80 621.13 636.53 645.35 649.52 653.06 655.63 648.21 643.21 644.57 651.97 655.81 660.06 659.08 651.61 645.17 636.32 628.28 624.09 619.50 618.89 624.54 631.23 644.58 654.63 660.31 666.99 682.16 688.97 683.84 665.47 632.43 606.60 578.37 543.18 503.34 460.59 414.73 365.56 320.04 270.47 222.74 171.59 124.06 
	-3.88 43.19 142.79 157.62 171.73 193.87 196.84 193.76 195.52 202.54 210.04 222.26 221.83 210.15 215.82 220.74 211.39 211.74 210.09 199.17 201.57 199.25 195.88 190.95 172.52 152.33 143.59 133.05 125.73 122.85 111.84 94.68 81.07 80.95 85.75 86.55 84.05 74.89 58.99 35.24 12.28 0.00 0.00 0.00 0.00 0.00 0.00 0.00 0.00 0.00 -1.54 -10.10 -16.38 -12.49 -3.34 0.00 0.00 0.00 0.00 0.00 0.00 0.00 0.00 0.00 0.00 0.00 -0.48 -6.27 -15.43 -22.18 -21.57 -14.81 -7.38 -1.66 0.00 0.00 0.00 0.00 0.00 0.00 0.00 0.00 0.00 0.00 0.00 0.00 0.00 0.08 0.98 3.71 8.17 12.44 15.31 17.12 19.45 21.06 18.52 11.32 3.74 0.20 0.00 0.00 0.00 0.00 0.00 0.00 0.00 0.00 0.00 0.00 0.00 0.00 0.09 0.54 1.07 1.37 1.46 1.27 0.48 -1.37 -2.55 -0.38 3.19 7.30 12.64 23.65 37.48 51.58 61.41 67.93 70.86 74.52 80.42 84.28 86.76 92.01 103.83 113.15 119.13 119.63 127.19 134.61 139.53 144.45 147.10 148.15 153.23 156.35 153.84 156.18 158.82 158.31 154.57 150.86 156.54 170.74 181.21 188.04 199.18 218.36 240.66 257.74 265.36 268.32 271.51 268.64 271.69 270.96 270.88 282.61 298.03 312.81 327.85 333.25 336.55 348.69 358.96 361.82 362.14 358.96 361.79 380.31 387.65 383.44 385.97 396.20 411.70 429.26 441.25 447.46 460.54 470.34 485.10 501.69 520.75 544.63 576.06 603.97 623.79 641.97 652.48 657.38 659.88 662.12 651.86 647.51 647.08 652.64 657.37 657.61 656.49 650.16 645.59 635.13 628.02 626.68 618.85 616.90 621.59 625.41 636.21 647.42 653.46 662.12 673.62 679.62 672.62 657.99 632.11 603.22 571.90 535.74 495.36 451.47 401.90 346.01 292.36 243.92 198.68 153.01 110.39 
	0.40 47.12 136.33 157.05 169.32 184.88 189.50 185.50 189.51 203.28 204.88 215.47 212.48 202.29 207.36 212.64 203.22 202.27 203.40 197.71 187.88 176.36 177.12 177.66 170.90 152.24 144.32 134.42 122.37 115.01 101.44 84.13 64.43 58.72 61.43 65.16 64.08 53.46 38.74 20.96 4.16 0.00 0.00 0.00 0.00 0.00 0.00 0.00 0.00 0.27 0.69 -5.25 -9.98 -7.26 -1.43 0.27 0.00 0.00 0.00 0.00 0.00 0.00 0.00 0.00 0.00 0.00 0.00 -1.57 -6.73 -11.16 -12.82 -11.40 -5.67 -1.21 0.00 0.00 0.00 0.00 0.00 0.00 0.00 0.00 0.00 0.00 0.00 0.00 0.00 0.12 1.32 3.69 6.61 8.71 10.14 12.06 13.70 15.31 13.32 8.18 2.69 0.14 0.00 0.00 0.00 0.00 0.00 0.00 0.00 0.00 0.00 0.00 0.00 0.24 1.14 2.27 3.29 4.11 4.62 4.65 4.15 1.81 0.03 1.75 4.12 7.32 11.44 19.74 29.41 39.83 47.24 52.36 54.75 58.57 64.11 68.91 72.66 78.27 90.89 102.91 110.37 112.45 120.00 125.26 127.24 131.63 134.19 134.69 137.27 138.69 135.99 137.97 139.32 138.26 135.35 130.89 135.46 148.35 158.68 164.76 176.65 196.75 218.91 234.66 244.36 249.29 254.30 255.07 260.20 254.62 250.96 262.61 278.52 294.89 311.53 316.58 318.07 329.76 338.88 341.51 344.17 343.93 351.16 367.74 373.91 374.00 383.16 395.11 410.64 426.93 437.47 441.51 454.77 466.08 477.60 493.28 512.28 538.01 567.72 600.69 624.54 642.67 652.38 656.96 660.53 661.93 652.30 647.37 644.54 647.66 649.44 649.56 644.98 638.24 635.97 628.29 621.27 620.57 617.55 613.14 616.21 619.12 625.23 635.67 644.90 653.12 662.88 666.85 659.12 650.59 630.17 602.90 572.29 534.47 494.18 450.98 401.20 343.17 277.17 220.95 175.66 133.94 96.48 
	-5.61 43.02 139.25 156.35 163.43 175.83 178.49 177.13 183.28 194.94 197.91 203.54 201.33 194.35 195.26 199.59 189.67 191.06 203.43 192.43 167.98 153.89 160.52 175.74 168.77 150.85 148.25 134.05 116.99 107.83 90.89 72.98 54.38 36.31 35.22 38.49 36.10 27.77 17.72 6.54 0.00 0.00 0.00 0.00 0.00 0.00 0.00 0.00 0.00 0.14 0.88 0.62 -1.63 -0.09 1.14 0.17 0.00 0.00 0.00 0.00 0.00 0.00 0.00 0.00 0.00 0.00 0.00 0.00 -0.51 -3.41 -5.68 -5.20 -2.64 -0.36 0.00 0.00 0.00 0.00 0.00 0.00 0.00 0.00 0.00 0.00 0.00 0.00 0.00 0.00 0.67 2.12 3.49 4.21 4.84 5.94 6.84 6.25 4.97 2.65 0.62 0.00 0.00 0.00 0.00 0.00 0.00 0.00 0.00 0.00 0.00 0.00 0.13 1.14 2.72 4.39 5.98 7.33 8.07 8.39 8.38 6.73 4.57 5.20 7.00 9.43 13.01 18.79 25.47 32.03 36.22 39.49 40.62 43.78 48.41 52.69 57.61 64.62 77.49 89.71 98.69 103.25 110.29 114.50 115.73 117.30 119.62 120.31 122.10 121.91 118.10 118.58 119.65 118.55 115.81 113.06 115.88 126.72 134.76 141.38 154.43 175.78 199.94 216.71 226.82 233.55 239.38 240.87 243.61 240.28 237.58 249.38 266.25 282.14 294.97 298.39 301.70 314.54 322.94 326.29 327.13 330.15 340.44 357.08 364.74 368.93 382.14 395.65 413.12 429.08 437.07 439.21 450.53 462.80 475.23 490.25 508.12 530.36 554.04 589.58 618.81 634.91 643.35 645.32 647.15 647.31 643.62 637.04 634.38 637.08 638.39 638.05 631.98 624.58 621.97 617.06 611.02 609.51 610.84 607.66 610.81 614.17 618.44 624.89 630.94 640.89 649.20 652.25 646.47 638.58 627.12 600.62 571.26 531.22 488.78 444.49 393.83 335.89 269.37 205.52 158.00 119.76 85.16 
	-5.20 43.34 128.67 147.14 155.02 165.68 163.81 163.70 173.25 189.41 191.87 198.47 195.17 187.78 185.16 183.02 177.09 186.00 193.26 185.68 170.59 160.99 167.61 173.14 162.41 148.17 141.37 129.48 113.39 99.35 80.66 61.26 41.63 23.23 15.01 15.04 12.21 7.31 3.07 0.00 0.00 0.00 0.00 0.00 0.00 0.00 0.00 0.00 0.00 0.00 0.63 1.67 3.05 1.61 1.48 -0.01 0.00 0.00 0.00 0.00 0.00 0.00 0.00 0.00 0.00 0.00 0.00 0.00 0.00 0.00 -0.30 -0.47 0.00 0.00 0.00 0.00 0.00 0.00 0.00 0.00 0.00 0.00 0.00 0.00 0.00 0.00 0.00 0.00 0.00 0.20 0.48 0.42 0.40 0.38 0.36 0.23 0.07 0.00 0.00 0.00 0.00 0.00 0.00 0.00 0.00 0.00 0.00 0.00 0.00 0.00 0.61 2.20 4.30 6.49 8.74 10.53 11.55 11.95 12.03 11.46 9.41 9.42 11.07 13.12 15.91 19.64 24.39 28.88 30.99 31.03 29.71 31.24 34.53 38.73 43.69 51.64 64.20 76.32 85.72 91.53 98.54 101.87 102.38 103.12 104.32 104.99 106.46 106.17 101.74 101.00 100.51 99.39 96.06 92.73 95.07 104.30 112.17 119.72 134.02 155.89 179.28 197.78 208.64 216.39 222.64 224.78 229.84 229.34 228.84 240.01 254.74 267.35 276.78 277.28 281.87 293.98 303.01 306.33 306.98 311.30 320.83 338.57 349.86 358.90 370.97 385.99 408.14 422.66 432.25 435.42 444.70 460.21 473.32 486.96 501.84 520.47 540.08 569.75 600.95 615.58 622.62 622.41 621.98 623.70 622.76 616.06 614.68 619.02 620.62 619.99 617.24 611.28 607.31 604.67 598.49 597.97 600.27 600.11 603.00 606.44 607.10 610.42 612.03 620.41 627.99 631.28 626.64 616.04 602.64 585.04 558.68 520.47 477.08 428.57 378.44 322.10 257.78 194.09 145.63 109.26 76.46 
	4.18 44.12 120.27 133.98 146.75 158.70 152.77 152.02 160.62 179.32 182.54 187.85 186.96 178.51 176.60 178.89 175.37 182.15 185.54 176.30 169.00 162.81 160.98 163.67 155.39 142.88 135.18 119.79 103.40 88.36 67.70 50.10 32.78 14.36 7.62 4.83 1.83 0.00 0.00 0.00 0.00 0.00 0.00 0.00 0.00 0.00 0.00 0.00 0.00 0.00 0.34 0.70 0.73 0.20 -0.65 -0.12 0.00 0.00 0.00 0.00 0.00 0.00 0.00 0.00 0.00 0.00 0.00 0.00 0.00 0.00 0.00 0.00 0.00 0.00 0.00 0.00 0.00 0.00 0.00 0.00 0.00 0.00 0.00 0.00 0.00 0.00 0.00 0.00 0.00 0.00 0.00 0.00 0.00 0.00 0.00 0.00 0.00 0.00 0.00 0.00 0.00 0.00 0.00 0.00 0.00 0.00 0.00 0.00 0.00 0.02 1.05 3.09 5.55 8.30 11.16 13.56 14.75 15.06 14.93 14.30 13.56 13.55 14.86 16.78 18.93 22.05 24.88 27.75 28.65 27.25 24.39 23.02 24.39 27.61 32.07 39.88 51.31 62.76 72.88 78.31 84.64 88.08 88.14 88.42 88.16 87.91 89.54 89.69 86.58 85.47 84.53 81.57 77.49 73.74 75.62 82.42 90.45 100.01 113.74 134.38 158.70 177.12 189.32 198.83 205.28 208.29 214.59 218.45 220.93 229.69 241.34 250.60 257.53 257.77 261.05 270.24 279.56 284.38 285.32 287.49 298.32 317.52 329.76 340.82 351.93 369.53 389.89 405.15 414.87 423.31 432.93 448.59 462.94 474.72 486.17 503.52 521.47 546.33 574.70 588.46 596.59 595.16 592.57 592.44 588.79 581.49 580.96 586.66 589.91 590.17 591.41 587.40 586.36 585.29 579.86 580.00 583.57 584.69 587.02 591.15 589.59 586.58 587.51 592.96 595.93 597.53 593.23 583.19 569.09 552.94 530.99 495.41 450.44 404.04 355.20 301.10 240.71 183.98 137.61 99.14 67.84 
	1.41 39.97 109.44 136.45 149.64 157.69 153.09 145.67 146.83 156.61 168.41 176.42 177.19 170.03 173.80 172.87 167.48 171.99 171.80 164.95 157.77 147.08 149.21 150.72 144.46 134.07 124.13 111.24 95.72 75.12 57.97 42.85 23.57 8.84 3.74 1.85 0.36 0.00 0.00 0.00 0.00 0.00 0.00 0.00 0.00 0.00 0.00 0.00 0.00 0.00 0.00 -0.09 -0.19 -0.93 -0.83 0.00 0.00 0.00 0.00 0.00 0.00 0.00 0.00 0.00 0.00 0.00 0.00 0.00 0.00 0.00 0.00 0.00 0.00 0.00 0.00 0.00 0.00 0.00 0.00 0.00 0.00 0.00 0.00 0.00 0.00 0.00 0.00 0.00 0.00 0.00 0.00 0.00 0.00 0.00 0.00 0.00 0.00 0.00 0.00 0.00 0.00 0.00 0.00 0.00 0.00 0.00 0.00 0.00 0.00 0.08 1.29 3.55 6.23 9.30 12.65 15.88 17.18 17.06 16.57 15.64 14.42 14.75 16.74 18.63 21.03 23.50 25.48 26.36 26.47 24.57 21.31 18.52 17.68 18.84 22.68 29.48 39.49 50.29 59.01 64.72 70.36 72.73 72.38 72.15 71.22 70.57 71.69 71.92 70.07 68.54 67.53 64.88 61.13 56.74 58.30 63.89 71.45 81.61 95.82 112.51 135.95 156.22 171.22 181.36 188.18 191.67 199.36 206.00 209.77 217.02 225.03 233.41 237.35 237.38 240.74 246.25 253.34 259.98 262.11 264.21 274.23 291.11 303.76 316.43 327.64 343.34 360.77 375.39 388.19 403.80 410.06 423.80 439.76 449.74 459.44 474.58 490.33 509.96 532.84 544.05 551.28 551.62 547.76 549.08 542.38 531.48 529.68 536.57 541.58 545.35 552.52 554.08 555.52 555.39 550.39 549.56 554.38 555.85 559.20 563.05 561.36 552.19 548.00 549.83 550.21 550.98 544.92 532.42 520.27 507.95 487.77 452.43 412.18 369.87 325.33 273.71 221.87 171.16 126.44 90.17 64.03 
	-4.50 29.38 105.55 121.87 142.05 149.37 146.50 136.55 126.04 132.78 148.89 162.31 163.04 161.30 165.10 163.84 154.39 156.54 156.65 146.81 133.50 123.29 129.58 133.03 125.43 114.74 110.97 102.98 90.35 71.48 53.62 37.27 19.33 3.85 0.90 0.20 0.00 0.00 0.00 0.00 0.00 0.00 0.00 0.00 0.00 0.00 0.00 0.00 0.00 0.00 0.00 0.00 -0.00 -0.03 0.00 0.00 0.00 0.00 0.00 0.00 0.00 0.00 0.00 0.00 0.00 0.00 0.00 0.00 0.00 0.00 0.00 0.00 0.00 0.00 0.00 0.00 0.00 0.00 0.00 0.00 0.00 0.00 0.00 0.00 0.00 0.00 0.00 0.00 0.00 0.00 0.00 0.00 0.00 0.00 0.00 0.00 0.00 0.00 0.00 0.00 0.00 0.00 0.00 0.00 0.00 0.00 0.00 0.00 0.00 0.06 1.21 3.46 6.16 9.21 12.43 15.38 17.03 17.17 16.44 15.22 13.56 12.92 14.51 18.08 20.73 23.05 24.88 25.34 24.65 22.35 18.73 14.81 13.61 14.24 16.89 22.04 30.42 38.63 45.51 50.38 54.57 56.77 56.45 55.64 55.00 54.28 54.83 54.88 53.82 51.77 49.90 47.97 44.77 41.04 42.77 49.76 57.78 66.90 79.85 94.58 113.58 135.57 152.81 164.07 171.84 176.28 183.81 189.47 194.14 198.81 204.72 210.58 216.21 217.96 219.31 222.48 228.14 234.02 237.63 240.92 248.55 263.52 273.97 286.40 294.46 307.73 321.93 334.76 350.35 366.37 374.38 381.81 392.16 399.48 409.64 422.91 435.56 449.02 466.08 472.32 476.72 479.97 478.95 478.76 473.25 464.06 462.76 468.32 472.72 477.05 483.34 488.03 490.98 491.00 486.70 485.05 488.88 491.29 493.17 494.93 492.64 482.45 469.62 465.88 465.90 469.34 467.33 459.31 451.00 443.81 431.28 408.10 375.97 336.52 293.69 247.81 202.04 157.37 119.06 85.77 59.28 
	-8.25 29.00 99.37 114.36 127.49 133.67 129.91 118.41 107.69 109.82 124.99 138.03 144.69 151.26 152.99 148.86 141.38 141.77 134.34 121.55 107.01 97.24 102.90 106.31 101.97 98.27 99.84 94.57 84.72 69.41 50.01 37.01 18.63 3.86 0.00 0.00 0.00 0.00 0.00 0.00 0.00 0.00 0.00 0.00 0.00 0.00 0.00 0.00 0.00 0.00 0.00 0.00 0.00 0.00 0.00 0.00 0.00 0.00 0.00 0.00 0.00 0.00 0.00 0.00 0.00 0.00 0.00 0.00 0.00 0.00 0.00 0.00 0.00 0.00 0.00 0.00 0.00 0.00 0.00 0.00 0.00 0.00 0.00 0.00 0.00 0.00 0.00 0.00 0.00 0.00 0.00 0.00 0.00 0.00 0.00 0.00 0.00 0.00 0.00 0.00 0.00 0.00 0.00 0.00 0.00 0.00 0.00 0.00 0.00 0.00 0.83 2.82 5.34 8.07 10.77 13.08 14.52 14.89 14.33 13.22 11.60 10.41 11.10 13.47 16.69 20.59 22.39 23.26 23.04 21.26 17.86 13.93 12.06 12.72 14.80 18.32 23.22 28.93 33.68 37.89 40.47 41.81 41.23 40.44 39.75 39.31 39.21 38.98 38.36 36.65 34.75 32.73 30.29 27.54 29.21 36.34 45.40 55.44 67.61 80.58 95.73 114.86 133.66 146.37 153.99 158.86 165.07 169.79 173.73 175.53 180.01 188.51 196.38 197.47 196.77 198.28 201.58 206.99 210.72 214.81 221.67 232.74 240.09 249.90 257.06 267.28 279.95 292.89 305.76 319.35 329.21 333.58 338.60 341.25 348.40 356.78 365.69 375.93 386.63 389.96 392.64 396.86 395.64 392.11 385.04 377.33 379.47 383.86 386.55 390.12 394.82 399.75 403.20 406.21 404.03 403.22 406.24 408.35 409.71 409.67 406.13 395.97 377.70 370.70 369.15 374.11 374.07 371.95 371.08 368.80 363.37 353.78 333.41 301.61 264.08 224.76 184.03 143.69 109.66 78.38 53.51 
	5.91 41.03 85.73 86.86 96.83 99.92 95.92 90.30 81.06 85.85 96.61 103.78 110.47 116.77 115.10 106.64 98.42 92.99 82.32 75.81 71.56 66.19 66.47 65.03 53.37 52.87 57.37 52.61 42.83 30.64 21.53 20.69 18.52 4.99 0.00 0.00 0.00 0.00 0.00 0.00 0.00 0.00 0.00 0.00 0.00 0.00 0.00 0.00 0.00 0.00 0.00 0.00 0.00 0.00 0.00 0.00 0.00 0.00 0.00 0.00 0.00 0.00 0.00 0.00 0.00 0.00 0.00 0.00 0.00 0.00 0.00 0.00 0.00 0.00 0.00 0.00 0.00 0.00 0.00 0.00 0.00 0.00 0.00 0.00 0.00 0.00 0.00 0.00 0.00 0.00 0.00 0.00 0.00 0.00 0.00 0.00 0.00 0.00 0.00 0.00 0.00 0.00 0.00 0.00 0.00 0.00 0.00 0.00 0.00 0.00 0.31 1.75 3.93 6.25 8.40 10.20 11.33 11.62 11.10 9.98 8.46 7.31 7.57 9.02 11.17 14.18 17.40 20.05 21.01 20.19 17.71 14.45 12.09 11.57 13.28 15.09 17.11 20.47 24.05 27.24 28.53 28.82 27.96 26.53 26.39 26.15 25.64 25.07 25.20 24.26 22.55 20.90 18.96 17.11 18.63 24.59 33.47 44.30 56.14 68.69 82.11 98.26 113.41 125.12 131.45 135.65 141.00 145.33 148.90 150.25 156.77 165.53 172.78 174.08 172.24 171.87 173.01 177.62 181.99 186.03 190.85 198.23 201.20 209.16 215.23 223.19 234.18 245.34 257.10 268.50 278.85 283.59 282.76 282.67 285.33 290.08 293.50 298.74 303.08 303.75 306.69 308.49 305.84 298.54 290.90 287.62 290.86 293.82 295.27 297.18 301.90 307.01 312.02 316.57 318.57 321.25 323.65 323.67 324.09 323.41 320.10 310.10 293.88 277.36 273.68 277.54 282.52 287.15 290.40 291.16 289.37 285.06 272.93 251.00 224.60 193.97 159.99 126.57 97.08 68.63 46.55 
	-3.08 27.92 52.08 33.67 32.60 30.08 35.41 41.31 42.05 45.56 50.55 53.38 59.06 60.48 54.73 45.83 43.03 38.29 31.45 29.38 31.50 27.05 28.27 22.99 6.87 2.66 13.78 13.28 5.87 -0.37 -1.98 10.16 14.48 5.57 0.00 0.00 0.00 0.00 0.00 0.00 0.00 0.00 0.00 0.00 0.00 0.00 0.00 0.00 0.00 0.00 0.00 0.00 0.00 0.00 0.00 0.00 0.00 0.00 0.00 0.00 0.00 0.00 0.00 0.00 0.00 0.00 0.00 0.00 0.00 0.00 0.00 0.00 0.00 0.00 0.00 0.00 0.00 0.00 0.00 0.00 0.00 0.00 0.00 0.00 0.00 0.00 0.00 0.00 0.00 0.00 0.00 0.00 0.00 0.00 0.00 0.00 0.00 0.00 0.00 0.00 0.00 0.00 0.00 0.00 0.00 0.00 0.00 0.00 0.00 0.00 0.00 0.60 2.15 4.04 5.72 7.07 7.92 8.06 7.49 6.34 5.17 4.46 4.15 4.77 6.36 8.48 10.92 14.16 17.02 18.16 16.87 14.43 11.91 10.43 10.44 11.22 12.27 13.88 16.69 18.49 18.99 18.39 17.05 16.04 14.95 15.11 15.22 14.99 14.52 14.09 13.33 11.91 11.07 10.44 11.20 14.98 22.58 33.24 44.87 56.54 68.41 81.76 93.64 100.91 103.65 106.29 112.44 118.13 123.73 128.00 132.61 137.72 143.17 144.22 141.29 139.89 139.86 142.36 145.20 150.57 155.74 160.30 162.04 165.15 169.82 176.09 184.38 193.85 204.39 213.75 221.50 226.04 226.42 225.60 224.27 222.68 219.82 222.70 223.22 223.69 224.29 223.59 218.63 210.26 203.81 203.18 206.41 208.85 210.23 212.06 216.34 222.05 228.13 231.33 235.69 238.23 239.28 240.14 239.44 237.42 233.37 225.38 212.08 194.06 185.29 187.53 194.47 201.29 207.16 210.60 211.63 211.52 207.52 197.04 179.08 156.00 129.79 105.08 81.02 56.83 38.23 
	-3.32 1.26 14.27 2.79 -2.05 -6.00 4.80 10.76 8.23 10.44 15.60 13.34 16.68 19.84 21.60 18.28 17.97 16.56 12.89 12.98 10.94 9.16 11.90 10.08 -0.99 -1.56 10.54 15.21 13.10 10.24 10.68 13.43 13.83 4.13 0.00 0.00 0.00 0.00 0.00 0.00 0.00 0.00 0.00 0.00 0.00 0.00 0.00 0.00 0.00 0.00 0.00 0.00 0.00 0.00 0.00 0.00 0.00 0.00 0.00 0.00 0.00 0.00 0.00 0.00 0.00 0.00 0.00 0.00 0.00 0.00 0.00 0.00 0.00 0.00 0.00 0.00 0.00 0.00 0.00 0.00 0.00 0.00 0.00 0.00 0.00 0.00 0.00 0.00 0.00 0.00 0.00 0.00 0.00 0.00 0.00 0.00 0.00 0.00 0.00 0.00 0.00 0.00 0.00 0.00 0.00 0.00 0.00 0.00 0.00 0.00 0.00 0.00 0.48 1.63 2.97 3.93 4.47 4.51 3.91 3.12 2.62 2.17 1.89 1.92 2.79 4.21 6.03 8.29 10.55 12.46 13.85 13.20 10.97 8.57 7.39 7.32 7.82 9.05 10.22 11.35 11.26 10.24 9.31 8.23 7.04 6.66 6.99 7.48 7.22 7.08 7.13 6.48 5.73 5.35 5.22 7.54 14.24 23.00 33.04 43.49 54.59 65.92 75.87 82.17 85.15 86.65 91.57 96.22 99.42 103.00 106.81 110.41 113.48 114.06 111.07 108.58 107.96 109.23 112.84 117.11 120.59 125.20 126.02 124.31 127.31 131.26 135.96 142.03 150.80 159.13 164.52 168.86 169.71 168.15 164.27 160.17 158.49 156.99 153.87 153.02 152.33 147.82 140.81 134.13 129.11 128.28 130.31 132.02 133.59 135.39 139.81 145.15 149.62 152.99 156.80 159.89 161.74 161.69 160.95 159.02 155.53 150.03 140.33 127.53 116.66 115.14 120.48 125.97 132.39 139.14 144.15 149.44 150.00 144.67 133.42 116.99 98.22 80.68 62.06 43.52 30.40 

END_VTXPOS

END_FIELDSET

END_SCRIPT		# この行は絶対消さないこと！