#------------------------------------------------------------------------------
# テクスチャファイル名
#------------------------------------------------------------------------------
TEXTURE_FILENAME = data/TEXTURE/glass.jpg		

#==============================================================================
# フィールドの設置
#==============================================================================
FIELDSET
	POS = 0.00 10.00 4914.00
	BLOCK = 80 80
	SIZE = 63.00 63.00
	VTXPOS
		0.00 0.00 0.00 0.00 0.00 0.00 0.00 0.00 0.00 0.00 0.00 0.00 0.00 0.00 0.00 0.00 0.00 0.00 0.00 0.00 0.00 0.00 0.00 0.00 0.00 0.00 0.00 0.00 0.00 0.00 0.00 0.00 0.00 0.00 0.00 0.00 0.00 0.00 0.00 0.00 0.00 0.00 0.00 0.00 0.00 0.00 0.00 0.00 0.00 0.00 0.00 0.00 0.00 0.00 0.00 0.00 0.00 0.00 0.00 0.00 0.00 0.00 0.00 0.00 0.00 0.00 0.00 0.00 0.00 0.00 0.00 0.00 0.00 0.00 0.00 0.00 0.00 0.00 0.00 0.00 0.00 
		0.00 0.00 0.00 0.00 0.00 0.00 0.00 0.00 0.00 0.00 0.00 0.00 0.00 0.00 0.00 0.00 0.00 0.00 0.00 0.00 0.00 0.00 0.00 0.00 0.00 0.00 0.00 0.00 0.00 0.00 0.00 0.00 0.00 0.00 0.00 0.00 0.00 0.00 0.00 0.00 0.00 0.00 0.00 0.00 0.00 0.00 0.00 0.00 0.00 0.00 0.00 0.00 0.00 0.00 0.00 0.00 0.00 0.00 0.00 0.00 0.00 0.00 0.00 0.00 0.00 0.00 0.00 0.00 0.00 0.00 0.00 0.00 0.00 0.00 0.00 0.00 0.00 0.00 0.00 0.00 0.00 
		0.00 0.00 0.00 0.00 0.00 0.00 0.00 0.00 0.00 0.00 0.00 0.00 0.00 0.00 0.00 0.00 0.00 0.00 0.00 0.00 0.00 0.00 0.00 0.00 0.00 0.00 0.00 0.00 0.00 0.00 0.00 0.00 0.00 0.00 0.00 0.00 0.00 0.00 0.00 0.00 0.00 0.00 0.00 0.00 0.00 0.00 0.00 0.00 0.00 0.00 0.00 0.00 0.00 0.00 0.00 0.00 0.00 0.00 0.00 0.00 0.00 0.00 0.00 0.00 0.00 0.00 0.00 0.00 0.00 0.00 0.00 0.00 0.00 0.00 0.00 0.00 0.00 0.00 0.00 0.00 0.00 
		0.00 0.00 0.00 0.00 0.00 0.00 0.00 0.00 0.00 0.00 0.00 0.00 0.00 0.00 0.00 0.00 0.00 0.00 0.00 0.00 0.00 0.00 0.00 0.00 0.00 0.00 0.00 0.00 0.00 0.00 0.00 0.00 0.00 0.00 0.00 0.00 0.00 0.00 0.00 0.00 0.00 0.00 0.00 0.00 0.00 0.00 0.00 0.00 0.00 0.00 0.00 0.00 0.00 0.00 0.00 0.00 0.00 0.00 0.00 0.00 0.00 0.00 0.00 0.00 0.00 0.00 0.00 0.00 0.00 0.00 0.00 0.00 0.00 0.00 0.00 0.00 0.00 0.00 0.00 0.00 0.00 
		0.00 0.00 0.00 0.00 0.00 0.00 0.00 0.00 0.00 0.00 0.00 0.00 0.00 0.00 0.00 0.00 0.00 0.00 0.00 0.00 0.00 0.00 0.00 0.00 0.00 0.00 0.00 0.00 0.00 0.00 0.00 0.00 0.00 0.00 0.00 0.00 0.00 0.00 0.00 0.00 0.00 0.00 0.00 0.00 0.00 0.00 0.00 0.00 0.00 0.00 0.00 0.00 0.00 0.00 0.00 0.00 0.00 0.00 0.00 0.00 0.00 0.00 0.00 0.00 0.00 0.00 0.00 0.00 0.00 0.00 0.00 0.00 0.00 0.00 0.00 0.00 0.00 0.00 0.00 0.00 0.00 
		0.00 0.00 0.00 0.00 0.00 0.00 0.00 0.00 0.00 0.00 0.00 0.00 0.00 0.00 0.00 0.00 0.00 0.00 0.00 0.00 0.00 0.00 0.00 0.00 0.00 0.00 0.00 0.00 0.00 0.00 0.00 0.00 0.00 0.00 0.00 0.00 0.00 0.00 0.00 0.00 0.00 0.00 0.00 0.00 0.00 0.00 0.00 0.00 0.00 0.00 0.00 0.00 0.00 0.00 0.00 0.00 0.00 0.00 0.00 0.00 0.00 0.00 0.00 0.00 0.00 0.00 0.00 0.00 0.00 0.00 0.00 0.00 0.00 0.00 0.00 0.00 0.00 0.00 0.00 0.00 0.00 
		0.00 0.00 0.00 0.00 0.00 0.00 0.00 0.00 0.00 0.00 0.00 0.00 0.00 0.00 0.00 0.00 0.00 0.00 0.00 0.00 0.00 0.00 0.00 0.00 0.00 0.00 0.00 0.00 0.00 0.00 0.00 0.00 0.00 0.00 0.00 0.00 0.00 0.00 0.00 0.00 0.00 0.00 0.00 0.00 0.00 0.00 0.00 0.00 0.00 0.00 0.00 0.00 0.00 0.00 0.00 0.00 0.00 0.00 0.00 0.00 0.00 0.00 0.00 0.00 0.00 0.00 0.00 0.00 0.00 0.00 0.00 0.00 0.00 0.00 0.00 0.00 0.00 0.00 0.00 0.00 0.00 
		0.00 0.00 0.00 0.00 0.00 0.00 0.00 0.00 0.00 0.00 0.00 0.00 0.00 0.00 0.00 0.00 0.00 0.00 0.00 0.00 0.00 0.00 0.00 0.00 0.00 0.00 0.00 0.00 0.00 0.00 0.00 0.00 0.00 0.00 0.00 0.00 0.00 0.00 0.00 0.00 0.00 0.00 0.00 0.00 0.00 0.00 0.00 0.00 0.00 0.00 0.00 0.00 0.00 0.00 0.00 0.00 0.00 0.00 0.00 0.00 0.00 0.00 0.00 0.00 0.00 0.00 0.00 0.00 0.00 0.00 0.00 0.00 0.00 0.00 0.00 0.00 0.00 0.00 0.00 0.00 0.00 
		0.00 0.00 0.00 0.00 0.00 0.00 0.00 0.00 0.00 0.00 0.00 0.00 0.00 0.00 0.00 0.00 0.00 0.00 0.00 0.00 0.00 0.00 0.00 0.00 0.00 0.00 0.00 0.00 0.00 0.00 0.00 0.00 0.00 0.00 0.00 0.00 0.00 0.00 0.00 0.00 0.00 0.00 0.00 0.00 0.00 0.00 0.00 0.00 0.00 0.00 0.00 0.00 0.00 0.00 0.00 0.00 0.00 0.00 0.00 0.00 0.00 0.00 0.00 0.00 0.00 0.00 0.00 0.00 0.00 0.00 0.00 0.00 0.00 0.00 0.00 0.00 0.00 0.00 0.00 0.00 0.00 
		0.00 0.00 0.00 0.00 0.00 0.00 0.00 0.00 0.00 0.00 0.00 0.00 0.00 0.00 0.00 0.00 0.00 0.00 0.00 0.00 0.00 0.00 0.00 0.00 0.00 0.00 0.00 0.00 0.00 0.00 0.00 0.00 0.00 0.00 0.00 0.00 0.00 0.00 0.00 0.00 0.00 0.00 0.00 0.00 0.00 0.00 0.00 0.00 0.00 0.00 0.00 0.00 0.00 0.00 0.00 0.00 0.00 0.00 0.00 0.00 0.00 0.00 0.00 0.00 0.00 0.00 0.00 0.00 0.00 0.00 0.00 0.00 0.00 0.00 0.00 0.00 0.00 0.00 0.00 0.00 0.00 
		0.00 0.00 0.00 0.00 0.00 0.00 0.00 0.00 0.00 0.00 0.00 0.00 0.00 0.00 0.00 0.00 0.00 0.00 0.00 0.00 0.00 0.00 0.00 0.00 0.00 0.00 0.00 0.00 0.00 0.00 0.00 0.00 0.00 0.00 0.00 0.00 0.00 0.00 0.00 0.00 0.00 0.00 0.00 0.00 0.00 0.00 0.00 0.00 0.00 0.00 0.00 0.00 0.00 0.00 0.00 0.00 0.00 0.00 0.00 0.00 0.00 0.00 0.00 0.00 0.00 0.00 0.00 0.00 0.00 0.00 0.00 0.00 0.00 0.00 0.00 0.00 0.00 0.00 0.00 0.00 0.00 
		0.00 0.00 0.00 0.00 0.00 0.00 0.00 0.00 0.00 0.00 0.00 0.00 0.00 0.00 0.00 0.00 0.00 0.00 0.00 0.00 0.00 0.00 0.00 0.00 0.00 0.00 0.00 0.00 0.00 0.00 0.00 0.00 0.00 0.00 0.00 0.00 0.00 0.00 0.00 0.00 0.00 0.00 0.00 0.00 0.00 0.00 0.00 0.00 0.00 0.00 0.00 0.00 0.00 0.00 0.00 0.00 0.00 0.00 0.00 0.00 0.00 0.00 0.00 0.00 0.00 0.00 0.00 0.00 0.00 0.00 0.00 0.00 0.00 0.00 0.00 0.00 0.00 0.00 0.00 0.00 0.00 
		0.00 0.00 0.00 0.00 0.00 0.00 0.00 0.00 0.00 0.00 0.00 0.00 0.00 0.00 0.00 0.00 0.00 0.00 0.00 0.00 0.00 0.00 0.00 0.00 0.00 0.00 0.00 0.00 0.00 0.00 0.00 0.00 0.00 0.00 0.00 0.00 0.00 0.00 0.00 0.00 0.00 0.00 1.70 4.70 7.75 7.34 3.72 1.56 4.05 6.49 5.22 1.54 0.00 0.00 0.00 0.00 0.00 0.00 0.00 0.00 0.00 0.00 0.00 0.00 0.00 0.00 0.00 0.00 0.00 0.00 0.00 0.00 0.00 0.00 0.00 0.00 0.00 0.00 0.00 0.00 0.00 
		0.00 0.00 0.00 0.00 0.00 0.00 0.00 0.00 0.00 0.00 0.00 0.00 0.00 0.00 0.00 0.00 0.00 0.00 0.00 0.00 0.00 0.00 0.00 0.00 0.00 0.00 0.00 0.00 0.00 0.00 0.00 0.94 3.04 4.44 4.11 2.46 4.52 11.39 18.95 25.72 31.89 36.53 45.07 50.26 51.09 48.53 45.36 41.92 36.85 32.60 27.46 18.21 7.40 0.00 0.00 0.00 0.00 0.00 0.00 0.00 0.00 0.00 0.00 0.00 0.00 0.00 0.00 0.00 0.00 0.00 0.00 0.00 0.00 0.00 0.00 0.00 0.00 0.00 0.00 0.00 0.00 
		0.00 0.00 0.00 0.00 0.00 0.00 0.00 0.00 0.00 0.00 0.00 0.00 0.00 0.00 0.00 0.00 0.00 0.00 0.00 0.00 0.00 0.00 0.00 0.00 0.00 0.00 0.00 0.00 0.00 0.00 1.50 5.71 9.35 11.98 17.07 27.11 37.52 49.23 65.63 80.13 89.60 99.44 107.01 110.26 109.61 108.30 104.19 101.22 91.45 74.73 61.69 47.92 29.91 11.01 1.46 1.98 0.34 0.00 0.00 0.00 0.00 0.00 0.00 0.00 0.00 0.00 0.00 0.00 0.00 0.00 0.00 0.00 0.00 0.00 0.00 0.00 0.00 0.00 0.00 0.00 0.00 
		0.00 0.00 0.00 0.00 0.00 0.00 0.00 0.00 0.00 0.00 0.00 0.00 0.00 0.00 0.00 0.00 0.00 0.00 0.00 0.00 0.00 0.00 0.00 0.00 2.41 11.02 21.23 30.01 30.94 23.03 18.15 21.70 31.19 46.70 63.47 78.07 91.26 103.91 120.17 138.76 152.98 167.38 175.69 180.69 182.29 178.43 176.20 171.29 158.04 139.32 114.09 91.24 65.06 44.72 30.50 29.21 27.91 23.80 14.74 10.59 7.48 4.82 2.71 0.78 0.00 0.00 0.00 0.00 0.00 0.00 0.00 0.00 0.00 0.00 0.00 0.00 0.00 0.00 0.00 0.00 0.00 
		0.00 0.00 0.00 0.00 0.00 0.00 0.00 0.00 0.00 0.00 0.00 0.00 0.00 0.00 0.00 0.00 0.00 0.00 0.36 1.67 3.49 5.01 10.96 19.77 38.15 53.11 70.88 90.68 102.11 99.53 83.19 71.38 79.73 102.59 123.02 138.27 151.30 163.74 177.81 195.46 215.44 233.60 245.57 252.24 257.52 255.14 251.23 248.13 247.18 237.13 205.81 157.34 122.83 97.85 70.76 65.53 64.30 60.80 52.71 40.29 36.96 33.40 29.66 25.19 20.59 15.83 12.18 8.93 6.00 3.45 1.39 0.09 0.00 0.00 0.00 0.00 0.00 0.00 0.00 0.00 0.00 
		0.00 0.00 0.00 0.00 0.00 0.00 0.00 0.00 0.00 0.00 0.00 0.00 0.00 1.47 5.23 9.67 13.94 17.67 21.02 24.50 28.19 39.87 53.67 76.40 92.79 115.01 139.72 157.70 168.40 166.46 156.19 140.57 144.33 161.68 183.48 196.73 207.32 217.97 228.61 243.14 265.81 285.09 298.60 305.61 314.52 320.48 317.94 318.94 324.06 318.40 290.45 247.29 206.33 177.52 153.97 136.12 125.61 112.78 101.84 87.67 78.33 74.56 70.44 65.29 58.02 49.21 42.73 38.73 34.09 29.38 25.25 21.27 17.45 14.16 12.82 11.27 8.57 4.61 1.18 0.00 0.00 
		0.95 0.00 0.00 0.00 0.00 0.00 0.00 0.00 0.00 0.00 0.00 0.38 6.31 15.06 24.46 33.32 40.97 47.22 52.71 58.69 76.49 100.92 127.37 147.00 167.50 190.70 217.09 234.65 240.02 229.41 212.28 206.02 201.80 213.86 235.29 251.27 257.95 265.73 271.39 278.25 289.71 305.52 319.78 337.16 354.20 362.85 373.45 390.13 391.02 382.91 364.48 338.58 299.68 264.64 246.44 239.69 223.97 208.51 188.48 167.30 150.50 139.68 129.91 117.91 107.42 102.75 100.87 99.41 94.06 85.43 81.65 78.24 75.85 73.12 68.02 62.24 57.70 50.10 37.77 23.28 0.00 
		1.59 0.00 0.16 2.79 6.86 9.81 10.50 8.97 6.27 2.40 0.36 11.84 26.87 41.12 56.19 71.48 85.83 97.58 109.33 123.48 150.79 180.99 212.79 227.71 242.60 255.89 281.20 299.51 304.14 295.87 278.12 269.70 259.20 268.50 288.03 302.79 306.83 297.43 284.98 282.05 284.91 300.71 328.93 348.18 369.54 387.02 404.87 427.25 444.94 437.24 427.59 414.87 381.78 349.34 333.43 332.02 322.44 306.82 287.81 262.17 239.58 222.49 200.15 188.36 183.67 181.90 181.72 182.39 178.41 168.49 156.79 154.27 158.63 157.66 151.26 138.71 120.78 104.14 82.14 56.84 0.00 
		2.37 2.15 9.17 18.18 29.64 36.10 36.79 36.20 36.14 36.44 46.99 63.12 84.35 107.12 128.31 146.34 162.98 176.52 191.32 202.21 229.42 257.29 285.93 305.55 316.64 321.14 321.86 328.22 333.89 333.95 321.70 312.59 297.01 301.52 318.60 326.46 323.78 311.77 291.25 280.05 286.29 307.44 338.68 363.57 388.38 409.04 420.61 429.75 447.60 462.75 462.24 456.08 442.34 419.53 410.94 409.69 399.61 386.45 368.55 349.96 327.32 309.94 288.34 269.16 274.00 278.63 284.46 289.35 293.58 282.28 266.11 258.81 257.88 255.73 243.25 221.79 191.30 156.86 123.89 88.54 0.00 
		5.70 12.67 31.59 55.04 72.55 81.52 85.87 85.04 84.71 98.59 117.71 136.88 157.66 183.89 209.01 230.50 245.98 256.84 268.32 272.88 296.93 332.29 365.50 379.22 380.41 371.06 358.89 348.30 346.11 341.35 331.02 326.74 312.85 316.05 329.94 333.13 325.88 315.05 289.31 280.68 287.95 306.27 339.63 376.30 401.48 431.81 436.07 437.35 450.78 473.56 488.54 491.39 495.64 488.13 472.69 470.49 470.42 459.15 441.69 422.63 411.20 397.94 384.40 374.95 370.46 386.25 400.39 402.21 410.54 409.56 403.83 396.28 383.24 369.03 347.03 310.95 259.85 203.47 156.38 110.69 0.00 
		16.60 34.27 70.27 106.78 134.66 148.13 150.51 148.54 158.20 177.51 203.00 222.67 238.26 261.40 287.72 309.98 323.89 330.64 339.96 346.02 366.05 394.38 418.06 418.35 397.89 384.43 366.45 357.93 357.16 342.26 335.86 336.69 324.83 322.13 341.51 341.17 325.10 306.80 276.97 267.00 273.44 292.31 329.79 383.86 409.51 424.91 443.20 448.49 466.24 498.29 523.95 531.13 532.70 527.36 515.81 507.36 508.65 496.34 482.77 484.26 475.71 463.07 464.12 461.87 458.20 476.71 500.26 508.76 513.41 511.17 501.12 495.10 479.51 448.33 412.98 364.05 301.30 231.72 165.74 112.74 0.00 
		31.48 62.33 115.10 168.04 210.78 234.57 233.45 234.78 243.04 262.26 294.45 316.85 332.79 346.39 358.86 371.38 378.84 385.09 394.99 397.74 405.82 423.60 438.53 439.94 420.37 397.48 364.18 350.61 353.82 352.47 347.50 342.35 326.01 322.29 332.49 324.42 303.44 283.90 256.60 238.95 248.22 270.93 326.18 379.02 403.55 408.63 429.13 457.72 478.64 504.26 537.56 554.95 555.30 545.80 531.97 522.26 518.10 514.61 509.51 515.95 511.26 491.83 497.36 510.78 516.88 529.78 552.83 564.76 572.47 579.71 564.37 544.22 522.85 490.61 438.79 380.41 314.91 242.50 168.66 110.88 0.00 
		46.14 89.77 158.96 231.49 291.58 321.06 324.42 323.96 330.04 346.47 378.18 400.48 404.40 401.83 399.53 401.45 411.75 419.53 422.80 427.84 432.67 437.47 437.54 441.51 440.62 420.13 388.66 376.36 377.04 363.90 348.24 332.65 320.07 310.85 307.53 298.40 281.09 262.06 243.08 236.04 248.09 273.45 322.69 366.01 391.37 410.88 438.31 466.35 492.75 507.60 540.63 563.87 556.69 545.46 534.76 529.11 531.57 538.17 535.37 533.62 536.23 516.21 505.30 519.95 532.31 549.28 568.69 579.80 590.98 592.09 578.43 559.57 525.75 484.38 432.34 368.83 308.22 239.36 167.56 109.51 0.00 
		58.92 107.16 191.94 277.08 340.81 372.73 377.67 376.25 382.04 395.29 428.47 447.31 437.96 426.54 417.99 415.94 427.21 435.23 441.68 444.96 452.12 444.99 439.61 433.01 424.08 407.06 391.41 386.63 378.53 369.12 352.62 325.22 307.70 290.88 279.59 275.12 261.58 237.78 221.06 223.88 232.95 267.89 307.55 341.55 377.55 415.70 434.32 476.59 520.10 540.52 559.98 574.06 562.65 541.84 529.04 511.13 513.35 535.44 543.21 531.15 530.93 524.09 517.41 525.77 539.58 548.26 572.96 579.63 568.68 563.40 559.15 544.99 507.61 453.99 403.89 349.05 295.15 227.30 163.57 107.32 0.00 
		68.63 118.27 212.24 306.29 372.60 405.69 411.53 410.04 414.69 419.23 446.27 463.15 453.75 438.14 425.58 413.36 422.72 430.09 435.31 438.86 438.52 446.14 446.53 435.26 424.78 411.34 400.32 400.19 388.19 375.74 366.74 339.29 311.76 283.75 258.26 251.88 233.36 200.08 190.43 198.31 216.96 257.52 301.40 333.71 370.93 405.69 430.27 475.84 523.89 547.46 562.42 564.72 556.11 544.83 528.86 516.61 513.51 530.76 538.90 520.69 507.85 518.87 520.80 532.75 550.85 548.95 563.97 566.10 571.97 565.54 553.13 540.26 515.74 469.03 399.39 343.46 284.61 223.70 162.96 107.42 0.00 
		80.31 128.55 224.78 318.56 383.86 427.68 431.82 430.29 439.36 444.74 465.25 476.32 462.71 437.83 418.37 403.93 410.75 408.09 427.55 435.03 439.49 451.59 456.04 444.75 431.17 418.26 403.25 404.80 395.10 381.05 372.15 345.58 314.59 280.99 242.69 223.83 202.99 168.50 161.79 177.89 212.00 253.80 300.65 341.10 375.50 408.96 442.43 476.92 511.22 528.57 537.11 529.06 523.49 517.13 508.63 514.42 528.79 535.45 541.33 538.37 520.65 520.49 521.58 543.00 563.07 556.97 551.72 561.00 576.74 580.94 574.24 557.96 531.70 493.58 435.80 373.18 308.16 244.67 176.89 115.95 0.00 
		131.42 155.30 238.17 319.30 381.12 426.68 430.73 427.69 441.11 455.78 474.83 482.63 455.01 431.41 418.05 404.99 406.41 413.22 421.31 434.01 443.50 448.93 443.54 430.36 424.74 404.36 395.29 404.03 396.19 385.93 379.30 347.11 316.23 286.48 243.22 208.33 181.72 152.82 138.25 160.39 201.84 241.42 293.91 343.39 367.52 391.46 422.48 455.18 467.69 487.08 498.64 497.72 495.95 484.60 471.13 491.47 514.68 519.93 524.97 531.14 521.66 518.37 527.95 540.83 552.69 555.61 543.99 557.50 575.14 579.95 589.89 593.07 562.98 518.23 472.61 398.82 331.12 257.41 178.85 111.71 0.00 
		177.43 176.76 253.86 326.94 383.26 422.39 432.07 427.76 445.79 456.50 465.42 465.76 443.40 433.47 423.53 404.70 405.78 406.54 402.63 413.94 418.29 420.65 415.34 409.11 396.76 384.80 378.53 381.51 383.31 379.74 370.81 348.79 310.18 271.90 226.54 187.15 159.00 132.04 114.44 138.71 187.49 235.12 284.30 331.92 352.16 359.10 367.31 383.54 404.00 424.56 435.78 434.17 442.75 447.59 448.04 459.13 479.04 491.08 502.33 508.96 504.49 505.94 517.63 539.76 548.81 549.40 545.13 553.40 564.69 587.28 615.49 631.72 597.62 546.22 508.80 448.74 379.95 309.40 227.62 150.45 20.93 
		216.45 188.54 267.53 338.77 395.53 434.24 440.80 444.47 455.37 454.26 454.77 448.38 434.54 424.05 411.31 394.33 385.03 380.24 389.07 391.11 389.03 388.49 386.06 380.60 366.26 361.28 357.51 353.47 355.65 355.06 349.78 334.36 301.39 253.72 211.83 174.11 140.10 111.14 101.40 115.77 160.14 214.43 261.35 292.55 307.79 308.30 307.35 310.92 332.28 353.89 365.53 371.54 385.31 395.84 404.37 410.15 431.85 461.71 475.60 482.76 483.77 490.50 504.36 514.74 518.87 522.56 520.49 537.14 558.87 581.97 602.78 605.79 596.16 568.20 546.32 500.58 456.06 398.85 347.90 279.25 111.60 
		234.98 217.89 279.77 346.90 395.65 423.63 430.65 438.35 446.64 451.75 451.98 447.11 430.07 412.80 396.56 385.42 371.29 375.55 382.08 389.50 387.17 385.62 382.99 371.23 360.10 355.55 350.36 339.63 338.93 331.56 317.05 303.22 275.97 230.63 194.71 159.39 127.35 103.17 90.12 97.32 132.83 185.25 227.54 246.61 261.91 264.03 256.35 258.00 271.81 289.00 305.46 330.27 344.33 347.12 361.72 372.05 382.73 404.41 422.77 438.10 454.73 462.09 465.26 474.51 475.39 475.09 489.93 509.67 528.38 567.16 578.27 571.01 577.88 579.50 564.50 560.58 539.41 517.94 537.74 449.96 287.82 
		253.34 253.91 293.10 349.61 381.49 408.83 420.58 430.16 441.05 440.88 432.78 418.95 412.35 401.97 386.65 379.77 373.94 370.37 374.06 375.02 371.96 377.39 367.96 358.82 347.62 338.85 325.23 311.45 309.85 304.21 282.17 266.74 234.33 195.79 165.86 134.69 107.95 94.77 83.61 91.10 115.30 153.24 194.93 216.68 221.60 222.33 219.55 215.29 222.16 235.07 256.97 282.80 300.77 304.26 310.97 326.56 347.56 366.04 389.55 401.56 419.46 432.49 443.08 454.92 462.84 455.13 467.99 488.77 512.86 539.68 558.76 569.77 566.22 572.53 565.27 580.00 596.79 590.53 586.93 585.26 600.50 
		283.01 274.12 288.10 338.19 369.03 396.23 409.02 418.77 426.76 423.72 415.23 393.34 392.39 392.39 375.76 360.59 359.98 353.10 349.94 351.65 354.20 354.09 347.54 334.77 324.68 316.23 302.84 286.93 275.92 266.66 243.49 216.84 190.57 158.87 132.62 106.34 88.43 85.65 75.85 82.03 99.46 131.01 167.66 189.82 202.03 205.90 202.01 196.15 203.35 220.44 236.40 251.19 258.32 261.62 269.61 289.11 314.21 340.65 370.91 391.44 408.82 426.17 431.78 441.67 455.80 449.02 465.00 494.11 505.14 523.18 543.53 546.16 536.76 537.10 549.07 579.97 600.32 582.05 580.77 612.77 612.35 
		245.28 273.12 287.90 323.25 359.63 387.92 394.25 403.58 410.52 404.77 400.73 389.51 375.69 376.14 366.67 359.85 350.54 336.78 335.26 340.66 342.32 342.04 332.34 323.59 315.20 303.72 294.14 274.10 256.16 235.66 209.60 184.05 156.80 126.90 99.85 81.04 76.87 75.65 67.37 73.43 87.74 110.65 142.70 172.53 192.81 205.47 205.87 201.51 203.61 215.67 225.24 238.39 251.00 261.81 264.65 276.69 294.93 320.29 353.23 379.02 401.32 426.60 440.45 441.70 458.42 462.30 459.52 491.29 510.57 512.36 530.59 534.62 521.85 533.62 548.87 573.01 596.28 576.91 578.91 610.76 617.82 
		245.53 269.20 274.27 304.96 350.76 379.88 386.22 394.66 407.17 397.64 386.97 374.60 357.34 347.79 352.56 347.48 337.80 325.07 321.63 321.83 323.03 320.26 312.36 302.62 296.21 284.67 260.61 239.28 216.02 199.92 178.01 156.27 128.44 99.47 76.68 67.13 65.26 64.93 59.68 62.62 71.55 90.86 119.58 150.01 179.82 198.17 204.67 203.14 199.29 198.72 202.05 212.81 233.43 248.31 259.19 269.41 283.60 302.74 331.20 364.28 400.65 432.85 448.61 454.27 467.62 471.67 466.89 473.29 486.40 496.35 515.28 520.76 517.09 528.07 520.88 538.70 563.27 544.85 570.42 617.57 633.58 
		257.28 236.30 242.77 300.52 344.43 368.05 377.50 389.58 407.48 392.49 375.11 360.70 347.53 342.97 349.63 339.15 320.71 303.33 292.96 291.05 288.11 287.05 283.32 279.30 273.33 255.91 231.72 214.36 194.06 176.18 158.95 133.71 104.02 81.36 68.80 58.63 61.00 60.49 53.75 51.90 54.53 73.94 97.39 127.26 159.09 179.53 195.86 197.97 190.01 177.24 174.52 184.94 206.87 219.03 232.76 244.25 256.85 279.63 311.61 341.10 379.20 420.69 446.25 457.68 457.48 462.31 462.95 464.17 470.28 474.79 474.44 487.66 500.32 499.65 491.19 494.24 518.43 510.16 546.06 601.91 620.88 
		255.55 234.20 245.10 303.93 346.15 362.74 378.81 393.97 406.66 388.84 360.91 346.26 337.80 338.12 338.25 330.09 311.60 291.23 274.46 269.39 271.30 272.41 270.08 269.14 257.93 238.92 219.62 203.30 178.93 155.88 136.43 114.72 91.03 79.34 70.63 65.20 72.65 68.08 62.46 55.13 50.99 64.27 80.77 106.36 139.61 163.08 178.94 182.63 169.95 156.65 151.68 160.12 175.10 190.89 196.84 206.99 230.35 257.92 288.72 325.43 365.88 404.48 439.60 448.16 441.25 444.67 449.85 454.89 453.85 454.23 457.48 457.66 469.15 464.58 465.15 480.27 489.88 495.87 547.54 575.66 597.81 
		241.06 224.86 242.98 293.86 328.59 351.27 369.49 381.87 386.22 370.02 348.99 335.68 328.16 322.97 327.99 326.11 309.64 287.59 272.35 269.33 267.68 260.52 257.00 246.99 231.68 216.90 196.45 177.86 158.09 139.19 123.70 111.42 94.08 80.67 73.92 77.00 83.85 81.48 74.43 66.10 56.96 61.61 72.01 86.86 117.70 141.16 157.87 162.57 152.84 142.50 134.64 135.83 140.83 160.83 171.18 186.88 203.06 225.77 258.06 301.42 338.16 372.21 406.71 427.66 436.87 439.47 438.99 439.20 446.13 444.38 440.20 442.88 444.59 444.71 459.34 473.29 486.03 492.92 534.97 565.44 575.09 
		261.03 252.52 258.01 296.91 315.29 330.46 345.19 355.18 361.24 352.42 337.24 324.05 318.35 318.55 320.51 310.01 290.89 270.12 256.76 248.17 245.99 237.85 230.66 216.77 203.73 193.67 178.40 160.68 150.62 137.76 121.55 111.12 100.37 90.41 89.71 89.21 91.94 90.74 84.29 77.51 69.33 66.58 68.39 75.58 92.70 113.13 128.16 136.89 136.04 129.13 122.01 121.16 126.88 141.07 150.16 168.70 189.13 200.37 230.87 274.62 304.28 330.85 363.95 387.52 409.03 423.84 425.07 428.79 429.86 431.40 432.21 430.76 434.39 432.30 429.96 454.36 465.56 463.63 506.11 541.62 570.70 
		267.44 283.77 274.50 294.91 314.00 314.98 312.05 325.65 340.88 335.55 320.03 314.86 307.14 303.64 307.84 290.58 265.47 244.01 230.29 221.08 218.25 209.28 198.80 183.42 171.04 165.09 152.71 138.60 134.98 125.69 112.16 108.02 104.18 101.54 100.61 97.72 98.07 94.31 89.81 86.64 81.38 74.45 70.30 70.66 80.20 96.95 113.30 126.77 126.54 119.39 109.84 106.83 117.94 132.34 142.89 159.06 174.33 191.37 216.46 240.04 261.12 289.81 331.94 366.58 396.27 413.22 415.79 421.76 420.16 414.42 414.28 418.39 423.32 418.43 412.26 420.69 432.92 447.35 477.21 498.14 524.36 
		277.45 278.37 278.35 289.47 298.57 298.02 293.93 303.78 316.34 313.48 304.10 297.08 287.43 280.65 275.50 256.81 230.78 212.04 192.15 177.43 172.58 161.72 146.42 135.74 128.32 123.50 121.17 117.21 112.57 102.90 99.68 101.87 104.87 105.77 103.96 101.79 100.14 95.79 91.52 93.76 91.83 84.77 73.84 69.97 71.52 82.68 99.16 115.19 119.01 114.89 109.76 103.93 110.86 129.70 138.61 144.09 158.07 167.54 177.24 197.03 219.61 258.23 303.84 346.39 388.70 410.58 413.29 416.78 409.40 403.26 417.45 417.10 425.04 429.91 417.49 421.22 428.28 431.59 435.89 456.65 485.15 
		262.29 254.21 270.50 287.73 288.70 283.11 277.75 286.00 298.15 301.09 296.94 286.45 268.02 247.13 231.54 208.43 183.63 159.44 136.98 126.23 119.89 106.08 91.85 91.17 94.89 99.47 101.12 99.16 93.73 90.12 91.10 93.19 97.26 102.13 103.89 102.78 101.05 98.20 98.88 98.66 97.38 94.27 83.21 74.92 70.42 72.94 82.15 96.88 105.08 112.93 116.68 113.07 115.70 120.55 133.10 139.84 148.72 153.96 161.94 174.74 202.52 243.25 288.89 334.00 371.74 397.45 404.91 405.71 396.00 392.70 407.23 424.72 432.80 428.18 419.53 418.89 417.92 422.75 429.31 454.07 472.40 
		207.71 209.53 230.18 269.36 273.46 267.22 266.15 278.39 295.01 294.92 293.57 278.97 250.86 218.63 185.77 165.30 142.22 117.77 98.57 88.58 82.12 76.48 71.41 73.02 83.51 87.99 87.66 85.83 82.11 78.07 78.78 78.84 86.16 94.77 97.93 98.39 99.73 101.41 104.82 105.86 104.73 102.83 94.24 86.88 83.31 84.97 93.23 103.57 108.52 110.29 112.84 115.05 117.80 117.41 117.53 126.43 135.55 139.97 147.02 164.97 189.13 227.04 276.52 328.70 366.40 381.66 391.41 394.83 382.41 371.95 384.33 410.78 419.31 416.90 413.44 403.93 408.95 408.03 426.37 444.60 434.51 
		198.89 196.74 207.55 250.07 254.19 251.00 255.60 264.05 279.66 292.15 293.34 277.32 246.91 210.13 175.16 144.67 116.33 95.75 81.40 71.27 64.02 63.65 64.52 70.12 77.18 82.64 82.75 76.94 71.49 67.88 67.01 68.07 72.66 79.72 83.84 89.76 97.22 100.41 105.24 110.34 112.57 109.07 101.49 99.07 96.49 95.12 101.95 110.52 117.32 111.40 104.84 106.25 108.91 107.05 103.98 105.79 109.16 120.84 133.31 154.05 184.13 223.14 269.80 315.13 353.80 373.08 380.02 380.89 374.83 363.49 368.65 384.69 387.84 388.04 389.69 384.43 378.99 382.25 408.91 440.62 460.92 
		194.99 199.37 191.56 228.11 237.40 241.03 244.09 249.77 263.97 278.01 286.60 270.41 240.08 204.59 162.88 127.40 105.17 91.12 78.73 67.00 61.90 63.96 66.28 68.91 76.87 81.96 82.11 77.58 69.58 62.50 57.16 53.61 56.20 64.13 71.52 80.02 90.90 98.75 105.23 110.38 114.72 114.34 109.30 106.05 104.78 104.33 106.90 107.23 113.17 110.23 100.84 91.75 89.75 89.14 92.66 96.15 97.75 107.94 127.85 153.87 191.38 229.07 254.40 284.09 320.55 345.47 359.77 365.91 359.28 351.78 354.36 347.52 348.17 353.88 352.06 350.03 363.56 371.08 385.39 431.77 426.14 
		179.51 186.58 165.48 201.48 225.89 232.73 232.11 241.39 257.63 268.59 277.50 270.73 237.76 195.96 154.91 121.71 108.18 98.78 89.64 81.02 76.62 73.70 72.39 68.22 66.89 73.08 73.79 68.15 61.54 53.55 47.43 42.78 43.53 49.90 57.38 65.94 76.97 88.08 100.41 106.89 112.26 116.44 115.42 110.69 110.35 111.16 114.40 111.12 106.25 98.41 88.66 79.45 69.24 69.47 76.84 82.86 86.04 97.70 120.73 155.06 189.60 220.80 240.37 253.87 265.15 285.31 303.57 317.06 325.12 330.51 327.99 317.90 308.15 314.51 327.06 333.80 350.42 363.27 379.67 414.81 436.58 
		185.87 193.19 165.77 193.23 221.43 231.39 228.38 239.46 252.87 256.70 261.43 257.67 227.51 184.78 145.24 120.66 107.64 101.30 98.07 93.22 88.48 81.59 73.18 65.94 63.77 66.53 64.88 58.33 51.74 44.83 36.92 32.95 33.21 34.77 41.55 50.36 59.43 71.26 85.22 95.98 102.37 109.41 113.32 114.11 112.12 112.88 117.65 113.51 103.18 89.30 78.62 69.90 63.64 57.52 61.88 69.73 77.90 89.91 117.84 148.34 174.81 192.60 217.96 227.50 220.09 214.42 229.22 255.18 280.18 298.71 301.59 298.18 299.70 303.69 323.33 335.02 356.83 360.23 364.70 399.68 426.58 
		168.67 167.09 162.69 191.26 223.77 235.76 237.92 246.48 251.05 248.39 245.12 240.76 207.48 169.82 131.60 110.34 103.63 103.59 102.37 100.63 92.95 81.86 68.80 64.57 61.18 62.04 59.30 53.72 44.82 33.53 24.89 21.78 21.50 23.26 27.03 34.48 40.74 49.87 63.50 77.34 87.09 95.62 101.35 108.74 115.06 117.28 117.67 115.96 103.49 89.20 75.90 66.29 57.92 51.57 54.11 61.55 71.89 86.28 111.12 143.58 171.06 186.43 198.64 199.78 193.10 184.96 192.65 211.16 234.63 252.08 266.87 277.15 286.51 291.69 313.87 333.06 349.17 355.35 357.75 376.73 419.68 
		156.32 165.04 171.78 201.25 232.61 245.47 251.22 254.47 249.56 237.76 240.43 222.33 181.19 143.92 112.10 97.75 100.42 104.34 101.82 97.96 91.17 77.57 67.40 61.03 57.40 55.54 53.24 47.22 36.01 24.07 14.32 10.87 10.75 13.14 15.35 15.90 20.61 30.11 43.09 56.98 69.25 79.69 88.10 96.68 108.21 119.83 124.75 119.13 108.06 94.76 79.46 66.31 57.67 55.05 54.33 63.10 71.26 86.75 103.22 131.69 168.62 188.74 195.45 194.48 191.13 186.24 196.94 203.71 214.08 223.10 228.59 240.72 257.37 279.88 287.89 312.86 339.98 358.46 356.29 366.32 385.96 
		131.33 144.42 167.95 212.82 243.25 256.06 258.53 257.12 249.81 236.77 227.12 206.79 165.18 129.66 104.92 96.58 102.08 106.44 104.26 98.91 88.43 76.95 67.07 62.28 58.35 56.49 51.58 42.26 30.36 18.00 8.42 3.80 3.98 5.44 6.95 7.59 8.14 14.79 27.52 39.95 53.43 64.37 75.55 85.26 96.92 111.11 121.94 124.54 116.37 103.59 90.33 78.51 68.24 66.00 65.22 66.35 74.56 91.76 106.79 127.86 154.87 182.54 194.24 197.67 194.91 195.21 202.59 210.73 218.69 223.22 227.84 237.73 250.95 265.67 262.63 281.07 320.33 339.08 328.35 347.39 369.04 
		109.42 120.80 168.72 217.75 249.15 261.30 257.95 255.92 247.47 227.85 210.63 191.17 153.15 120.60 101.16 97.99 107.50 116.39 112.34 101.77 88.80 78.09 68.24 66.34 63.36 59.05 49.84 37.36 24.44 11.47 2.49 0.00 1.33 3.11 3.97 4.52 4.79 8.66 17.34 30.84 45.57 56.47 65.84 75.85 86.16 98.95 110.52 120.15 119.83 111.90 103.57 91.38 83.05 78.87 74.58 73.48 75.04 89.35 108.63 129.27 152.99 174.39 191.37 201.88 206.96 201.79 208.61 212.41 220.27 227.58 235.81 240.54 249.96 260.22 257.71 268.45 289.89 311.55 319.54 330.87 324.54 
		107.59 119.09 171.81 213.97 243.72 257.80 251.99 245.36 238.42 219.16 198.81 178.69 147.24 117.94 104.02 106.12 121.92 130.99 120.64 105.40 91.71 81.47 75.36 72.24 68.77 59.24 43.19 29.44 16.69 4.95 0.46 -1.75 -3.43 -4.41 -3.89 -1.79 0.26 3.79 10.58 22.00 35.98 48.25 58.55 67.25 77.53 88.06 99.15 108.65 112.87 113.09 106.72 96.54 90.49 86.14 82.54 81.48 84.59 92.51 109.47 128.39 146.86 163.81 179.48 193.94 204.72 212.01 216.96 220.86 226.27 229.60 236.81 238.56 240.36 241.99 246.50 255.91 283.05 308.64 305.64 299.12 317.16 
		103.48 110.36 155.74 191.75 222.24 239.49 238.39 232.59 222.15 205.62 185.57 171.28 145.58 122.25 113.90 121.32 137.60 142.12 130.21 113.12 96.26 86.82 83.68 79.12 70.78 55.87 36.90 20.72 10.93 3.15 -1.20 -5.51 -9.39 -14.19 -16.33 -12.67 -6.15 1.01 5.60 14.12 25.27 36.77 50.55 61.37 68.69 79.73 89.72 99.53 105.15 108.31 103.16 95.78 92.13 90.10 88.49 85.91 89.92 99.51 107.46 125.48 140.62 156.67 169.51 182.58 201.60 214.32 220.02 221.79 226.25 233.81 241.50 239.24 233.71 231.33 238.11 249.72 276.73 300.61 291.04 298.57 285.26 
		96.75 99.29 141.40 182.67 211.50 226.34 230.38 219.44 211.14 197.20 183.49 173.95 151.50 135.38 130.14 132.43 146.13 150.94 138.12 120.31 102.27 90.73 88.87 84.31 70.61 52.93 31.71 15.47 8.09 4.03 -1.37 -6.92 -14.89 -20.82 -23.72 -20.56 -11.77 -2.45 2.73 7.01 14.70 23.50 36.59 50.31 61.70 71.70 81.27 90.24 95.79 101.00 99.08 93.73 88.85 91.38 95.40 95.62 98.33 105.59 112.23 124.26 140.12 154.52 163.47 177.06 191.99 204.47 213.66 217.34 218.00 222.57 235.01 246.07 241.14 229.55 232.37 246.49 273.64 293.00 282.85 270.15 276.86 
		85.00 95.08 144.08 184.83 207.16 221.61 229.41 213.66 207.84 200.27 190.88 178.94 158.76 144.20 139.44 136.54 146.25 148.85 134.38 116.69 101.38 89.26 89.56 84.70 68.57 49.04 28.04 11.12 8.56 8.64 2.92 -3.34 -14.35 -21.90 -26.24 -21.86 -11.91 -2.06 1.42 2.62 6.40 11.63 20.68 34.92 49.69 62.73 71.79 81.00 86.81 90.98 92.78 91.85 88.90 90.55 97.01 100.81 102.01 107.70 116.07 131.33 146.29 159.09 162.85 168.35 182.25 195.31 203.11 211.79 214.32 219.66 230.13 240.20 238.78 225.99 224.66 247.02 281.54 298.18 285.22 266.99 275.16 
		84.77 94.64 144.21 189.40 217.96 225.92 231.99 217.28 208.32 205.36 197.26 186.03 174.55 158.61 149.12 141.89 142.55 139.96 125.12 113.69 101.56 94.40 92.94 81.63 63.67 42.94 22.88 10.53 12.30 13.31 9.81 6.23 -2.47 -11.44 -16.29 -13.53 -6.21 4.68 5.53 3.51 2.23 4.75 10.18 19.55 33.14 46.98 60.06 70.66 77.06 81.24 85.74 91.06 92.77 94.42 96.58 99.49 98.31 102.85 112.80 129.29 146.47 154.92 163.49 166.38 172.53 181.85 193.73 206.81 210.40 218.62 228.22 238.02 243.74 237.28 233.81 240.99 274.06 293.69 280.77 254.86 251.00 
		85.72 95.02 142.72 191.14 225.01 229.42 235.01 220.57 211.32 209.46 200.70 194.37 192.33 181.13 163.05 150.33 143.01 136.54 120.17 105.79 99.27 93.80 92.62 82.34 61.80 42.16 22.70 12.57 15.52 18.20 21.89 20.21 13.67 9.81 5.82 7.16 8.27 15.04 12.14 8.01 3.91 0.52 3.44 8.59 18.28 30.65 44.38 55.87 65.06 71.93 80.07 87.16 93.12 95.75 96.96 97.57 95.51 93.94 102.33 117.37 133.66 142.33 151.63 159.53 167.59 177.95 189.75 199.18 201.50 212.10 226.69 239.36 248.19 246.04 244.01 247.92 267.96 274.48 271.77 264.97 257.92 
		82.49 87.89 135.76 182.27 209.91 225.38 232.95 221.42 213.21 209.10 198.38 199.74 199.94 189.85 170.03 162.39 151.60 143.41 127.36 106.67 96.84 91.08 92.87 87.38 67.00 45.17 27.43 18.19 18.27 27.15 32.97 27.59 20.65 19.91 23.25 27.21 26.42 25.95 20.31 13.76 6.72 1.60 0.00 2.25 6.76 16.25 27.93 39.91 52.12 62.49 70.87 80.40 88.24 94.57 96.75 94.55 89.72 84.80 93.69 106.45 119.48 126.67 135.37 145.05 157.27 174.52 190.15 196.88 199.93 210.19 219.00 231.65 246.35 250.96 251.35 253.37 250.66 254.42 250.07 244.80 242.37 
		76.53 75.33 117.38 161.54 191.78 215.30 225.05 218.13 212.74 213.91 205.54 209.72 207.25 196.92 184.62 176.39 158.62 147.06 132.85 112.73 105.93 103.68 104.00 98.95 75.69 49.23 35.42 25.92 22.50 35.54 40.31 31.05 24.06 29.70 35.98 39.76 39.93 36.15 28.02 17.96 9.14 2.43 0.00 0.00 0.51 3.47 12.52 25.78 38.93 51.40 63.25 72.74 79.90 88.83 91.81 90.45 85.02 80.11 86.87 103.11 115.12 117.93 125.89 134.54 145.07 163.91 182.59 197.93 203.55 216.82 228.72 237.21 243.38 252.18 261.89 261.18 252.66 240.80 221.07 203.03 214.00 
		72.79 65.54 99.55 144.56 185.38 205.54 214.60 216.81 213.44 206.76 205.79 212.97 213.04 206.97 199.56 188.60 164.15 162.26 146.79 116.98 109.25 112.02 115.39 109.75 85.69 58.61 42.00 33.10 33.03 42.75 38.45 36.25 36.58 40.21 43.16 49.15 47.30 41.86 31.48 19.72 9.69 1.98 0.00 0.00 0.00 0.00 3.87 13.80 27.12 41.25 55.97 66.97 74.94 82.06 86.05 85.25 80.93 82.66 85.21 103.23 116.45 116.91 123.68 135.51 142.77 159.48 179.73 199.66 208.55 216.69 229.79 240.25 243.88 261.41 268.06 265.81 248.12 245.12 228.57 201.60 209.48 
		70.28 61.35 91.42 139.23 177.05 199.41 219.40 219.52 215.67 215.02 211.38 219.82 224.72 213.74 200.39 188.88 171.36 176.40 162.53 125.54 111.93 114.63 121.70 119.68 96.21 69.64 47.59 41.50 44.54 43.13 36.31 40.36 42.43 49.20 51.86 51.42 48.42 42.08 30.54 18.18 7.61 0.73 0.00 0.00 0.00 0.79 4.70 11.08 20.34 34.19 50.45 64.89 75.39 81.46 84.23 82.24 79.87 85.86 92.49 106.78 114.00 119.78 127.78 137.47 143.05 157.50 182.53 205.49 218.93 225.01 222.71 228.25 237.58 252.32 258.56 255.80 240.36 226.96 206.45 168.76 165.29 
		74.40 61.88 92.23 138.65 180.65 213.41 234.50 235.35 232.02 224.55 225.82 228.57 224.06 211.98 203.27 190.81 180.62 179.31 165.20 131.70 119.25 121.54 120.08 119.52 101.70 78.57 58.47 49.56 48.49 38.29 31.12 44.49 59.25 56.91 50.08 46.12 41.69 38.43 25.97 13.11 3.56 0.00 0.00 0.00 0.00 1.74 6.84 12.87 19.90 32.67 50.65 67.59 79.63 83.68 81.99 79.68 78.42 81.54 93.95 106.52 110.56 120.01 130.08 138.29 137.54 150.26 173.23 198.44 210.32 217.40 220.38 220.73 224.10 223.17 231.72 228.18 210.82 211.13 177.67 152.09 141.21 
		75.60 64.14 95.82 141.70 186.72 220.15 238.79 244.26 241.04 234.83 231.83 233.12 229.53 218.21 209.24 201.86 187.05 177.49 161.78 135.80 124.45 122.81 122.17 114.20 104.89 86.69 71.17 58.18 56.05 42.47 33.15 46.40 62.33 56.92 39.17 29.51 31.31 30.84 19.01 6.41 0.00 0.00 0.00 0.00 0.00 2.62 8.66 15.17 22.91 36.24 53.69 72.05 84.89 89.09 85.06 76.98 76.55 83.31 98.56 107.00 110.11 117.19 126.50 142.33 138.31 142.76 159.34 187.49 206.59 213.12 216.74 216.71 218.48 211.70 211.73 206.98 202.76 203.54 167.28 134.94 155.41 
		71.68 62.14 95.33 142.52 189.55 226.10 248.74 254.29 244.01 236.36 232.60 231.48 227.62 219.70 208.46 200.06 193.10 175.21 159.19 140.87 135.24 126.23 122.33 116.22 104.12 86.06 80.21 69.81 67.23 58.41 40.63 49.35 55.65 46.53 27.50 18.11 22.29 23.12 11.55 0.36 0.00 0.00 0.00 0.00 0.01 2.90 9.50 16.71 25.72 40.29 59.29 78.52 91.97 96.34 89.38 81.43 82.01 92.21 106.11 109.43 112.96 119.94 133.50 147.05 144.33 145.65 155.41 179.65 200.65 203.97 205.87 213.06 217.99 207.00 193.49 192.95 204.67 212.09 175.33 157.10 154.65 
		99.76 94.06 107.58 139.03 178.74 197.67 201.35 197.00 195.71 211.47 226.26 227.94 225.26 212.78 206.61 204.36 195.12 175.56 156.83 146.28 144.55 140.58 128.79 121.76 107.65 89.57 83.67 80.67 73.74 60.60 46.57 46.97 50.09 39.34 18.82 12.56 17.17 15.60 5.23 0.00 0.00 0.00 0.00 0.00 0.00 2.80 9.17 17.09 26.61 42.22 62.30 82.53 96.89 102.63 94.92 85.60 84.40 93.80 103.26 114.75 121.15 128.13 139.28 152.10 148.52 149.50 156.68 176.76 192.51 195.87 194.80 201.76 208.00 192.01 174.23 197.15 211.59 197.79 177.37 184.25 177.79 
		117.57 108.89 109.31 134.34 171.91 181.67 173.03 174.85 181.78 199.12 210.94 216.97 222.02 214.33 210.57 204.91 196.38 181.33 156.35 147.62 151.90 145.83 127.55 117.34 105.63 97.00 90.84 92.28 81.12 60.43 38.80 39.61 39.79 31.06 14.19 8.22 11.32 9.34 2.07 0.00 0.00 0.00 0.00 0.00 0.00 2.27 7.81 16.27 26.42 41.39 60.67 81.41 97.06 103.38 97.22 88.81 84.68 93.46 106.25 117.78 120.82 133.31 142.82 147.66 155.60 156.02 160.27 176.39 183.77 189.21 191.06 191.18 190.44 179.52 166.63 190.20 169.62 175.10 184.12 186.55 168.36 
		106.67 111.47 110.76 137.05 146.43 152.46 157.81 167.34 179.66 199.13 205.85 206.48 219.40 213.00 201.59 196.63 195.84 179.73 161.04 157.11 160.17 157.59 138.77 129.45 118.20 111.11 104.45 98.32 86.39 63.95 38.03 31.19 29.42 23.76 7.68 5.96 9.88 5.01 0.35 0.00 0.00 0.00 0.00 0.00 0.00 1.11 5.84 13.93 24.39 37.56 57.79 76.97 91.61 100.45 97.89 90.62 90.57 98.87 113.96 129.47 134.74 143.87 150.18 158.42 163.42 164.42 167.94 168.45 172.70 179.27 189.89 190.40 187.30 175.89 160.47 184.46 179.08 172.99 181.71 193.76 184.54 
		112.92 99.48 117.20 128.00 131.17 135.25 138.22 154.77 166.91 176.26 183.87 202.83 218.27 212.67 210.14 203.53 193.64 169.99 172.09 171.13 177.05 172.56 155.29 143.27 134.93 124.48 115.20 105.02 88.16 65.87 45.12 34.42 29.06 22.77 12.08 8.43 9.18 1.68 0.00 0.00 0.00 0.00 0.00 -0.02 -0.97 -1.82 -0.65 6.91 18.09 35.72 52.39 68.67 83.04 94.15 94.39 93.55 99.86 107.46 122.95 142.70 150.26 149.64 160.79 170.82 171.07 173.69 171.82 170.86 174.68 173.01 175.27 182.60 187.22 175.08 156.67 180.56 188.32 196.75 179.16 143.72 132.55 
		98.77 90.49 115.69 120.13 111.51 107.26 130.01 147.66 152.73 157.17 163.81 180.92 206.63 214.08 213.06 225.63 210.84 180.21 180.62 189.13 202.40 187.00 166.84 157.60 144.11 135.13 122.98 97.76 77.78 62.89 48.21 43.52 41.47 34.49 23.19 11.72 3.35 0.85 0.00 0.00 0.00 -0.01 -3.67 -12.05 -12.95 -19.79 -23.25 -16.08 -1.63 24.72 44.45 60.67 75.75 87.87 90.89 98.87 110.21 126.08 136.45 146.43 155.65 157.75 166.03 173.50 176.76 177.72 182.11 172.17 174.78 176.93 178.05 179.57 182.73 164.94 143.84 188.50 200.12 196.68 177.08 151.29 124.88 
		89.55 89.69 106.26 116.67 108.60 91.93 121.84 140.57 138.84 141.14 141.05 154.39 184.35 216.18 220.01 225.63 213.64 203.63 202.74 202.34 212.06 207.10 176.75 171.47 157.08 141.71 122.02 91.00 65.03 57.67 53.98 54.98 44.71 37.39 25.38 17.53 -1.67 0.04 0.00 0.00 0.00 -4.79 -23.39 -49.56 -55.08 -62.21 -60.53 -66.69 -48.58 0.17 35.55 53.20 66.25 77.05 84.71 100.55 115.29 130.08 138.30 144.66 146.41 149.85 160.29 173.90 184.35 191.70 195.54 189.38 186.58 186.30 184.42 173.00 165.84 144.69 124.13 178.50 201.93 186.38 168.49 147.85 109.77 
		75.39 80.12 108.93 106.50 99.44 91.19 100.17 118.67 123.84 117.93 119.84 135.49 169.79 205.16 212.31 216.69 216.45 215.81 217.75 211.33 215.89 196.51 175.54 170.18 162.53 150.91 123.07 77.64 53.86 54.40 59.18 61.37 45.62 32.99 19.50 13.91 2.21 -0.70 0.00 0.00 -2.41 -11.23 -40.31 -65.94 -77.78 -95.10 -97.71 -97.91 -85.12 -25.96 25.06 45.08 56.06 63.38 74.73 92.86 109.90 118.73 129.79 138.37 140.93 153.92 168.36 169.70 177.94 187.29 192.44 191.46 187.68 183.49 182.10 165.50 151.04 130.61 107.14 165.64 182.04 154.91 147.25 139.22 110.35 
		75.43 65.99 89.23 89.91 93.89 87.47 90.20 109.33 111.27 107.79 108.63 113.33 145.51 176.41 192.75 203.70 200.73 209.33 210.04 214.28 208.47 190.84 172.91 160.94 156.41 144.90 122.33 83.82 56.41 58.40 72.30 64.29 47.78 27.99 18.25 11.93 6.03 0.91 0.00 0.00 -0.68 -15.62 -56.02 -70.96 -62.68 -82.64 -88.98 -76.29 -75.23 -39.21 22.01 37.32 46.78 51.34 64.25 80.32 98.49 111.29 123.84 139.39 152.81 166.88 171.83 167.34 168.34 172.04 184.36 178.68 175.55 170.18 166.33 152.83 137.09 120.78 109.52 131.35 149.50 139.40 132.07 117.06 116.52 
		82.90 64.35 76.49 79.07 64.39 70.53 79.48 75.53 71.33 91.42 90.04 92.82 123.66 142.36 147.01 163.97 170.45 182.91 202.51 196.67 188.25 168.08 162.03 159.46 156.92 153.61 121.34 92.38 64.24 67.14 89.38 76.13 54.97 30.90 21.15 15.50 10.91 1.30 0.00 0.00 -0.13 -8.88 -56.04 -79.18 -75.43 -95.78 -82.98 -65.65 -61.41 -32.68 15.38 28.30 37.55 42.74 54.66 69.79 84.72 109.94 137.52 158.77 171.69 173.36 170.39 166.24 165.51 176.74 186.30 184.38 181.44 162.56 146.16 144.20 130.35 120.08 109.96 124.85 150.44 134.68 121.95 130.62 127.30 
		42.40 37.27 69.76 62.99 50.08 55.62 45.89 50.20 57.05 63.91 74.72 70.02 106.21 120.88 124.30 121.51 135.96 162.56 176.34 178.15 179.58 159.13 154.20 144.34 149.03 157.22 137.31 106.51 72.99 79.25 100.44 97.90 74.70 41.05 25.68 20.19 12.55 0.83 0.00 0.00 0.00 -8.30 -52.64 -79.95 -82.50 -80.29 -87.63 -63.70 -52.85 -24.23 7.94 19.18 24.62 34.68 56.47 76.05 91.72 108.45 143.87 173.52 179.28 172.95 171.60 160.15 165.49 170.83 187.70 180.27 168.62 145.97 141.73 132.30 122.01 113.84 104.93 121.48 131.29 122.58 137.29 147.39 134.82 
		22.56 15.84 51.25 51.26 46.44 35.62 38.90 31.61 29.38 40.97 52.27 62.07 90.86 104.66 115.05 98.39 93.31 122.18 144.89 171.69 181.66 154.93 142.40 131.95 141.84 155.24 153.42 125.75 87.86 89.16 111.30 112.79 94.62 58.44 30.32 18.79 6.87 0.09 0.00 1.28 4.78 -1.70 -44.29 -71.51 -78.29 -87.07 -73.64 -64.67 -46.87 -21.99 0.65 12.22 19.44 40.12 69.37 94.56 109.24 113.57 128.33 148.85 149.38 145.37 146.51 145.12 152.40 158.61 182.71 170.02 162.54 147.89 145.58 126.37 129.60 124.27 108.87 104.34 128.76 118.05 121.01 133.28 136.44 
		-7.15 -10.24 27.29 28.63 32.93 27.82 33.72 32.18 23.93 44.18 50.54 54.28 79.92 96.87 90.46 89.23 83.31 97.96 129.58 156.52 177.62 164.28 128.61 119.70 115.13 145.11 149.24 140.80 111.04 100.21 113.34 113.78 96.56 69.11 37.98 18.77 10.07 3.65 1.57 9.58 16.62 12.26 -21.12 -54.58 -75.49 -76.46 -70.32 -54.32 -23.24 -7.60 2.09 6.08 17.35 46.13 86.39 112.62 115.54 104.00 103.17 122.28 124.11 120.26 125.02 144.21 144.48 136.71 139.09 129.15 132.42 133.63 127.36 123.37 120.78 118.99 105.68 83.05 90.81 136.30 125.29 88.86 33.59 
		-15.83 -20.85 0.63 23.21 23.21 17.68 20.05 21.78 13.72 27.78 40.62 34.12 37.57 49.53 75.75 70.63 66.65 89.77 100.89 117.37 119.78 91.67 69.24 87.86 92.34 105.45 141.50 136.91 108.29 93.65 97.27 92.64 77.34 52.24 34.92 24.19 12.04 1.38 9.34 18.31 25.24 21.70 -2.79 -5.80 -34.76 -22.02 -24.99 -8.70 15.81 12.76 3.94 10.96 27.66 56.11 84.66 104.48 101.21 93.33 98.10 117.41 112.87 101.93 109.87 114.96 100.86 98.20 94.80 105.46 100.14 114.17 112.34 111.96 98.11 87.16 74.67 54.66 69.62 91.33 71.36 34.27 30.07 
		3.29 3.76 -10.36 -20.07 -7.42 9.04 13.84 8.48 1.48 29.74 42.84 27.38 12.55 37.86 37.98 27.31 63.82 82.67 64.93 69.85 84.20 71.06 47.49 47.34 88.35 73.23 71.15 76.35 81.68 46.77 49.78 29.09 23.26 19.98 15.42 7.94 -1.21 -1.16 24.46 39.63 46.06 56.14 67.85 79.19 51.10 69.27 57.55 61.36 61.16 36.57 27.58 40.93 47.86 70.44 95.78 100.96 94.27 87.37 90.79 107.13 104.55 98.68 102.69 83.20 70.67 69.32 53.57 77.47 92.68 98.61 90.67 90.40 83.54 70.21 45.96 42.40 67.15 86.55 54.27 29.57 14.35 
		3.59 -18.99 -8.67 -16.59 -29.19 -44.12 -24.10 -41.08 -35.76 -26.57 -45.43 -17.16 -17.39 0.33 12.00 22.33 26.27 30.94 6.16 22.08 1.85 -1.14 23.78 -4.18 23.49 6.68 2.66 -4.87 8.18 -7.52 -14.45 -22.09 -26.73 -32.93 -5.95 -2.29 -9.47 -6.22 23.53 41.15 57.36 72.28 75.27 77.22 64.81 73.12 59.72 78.45 72.03 50.88 52.03 70.25 58.02 74.35 105.18 101.48 100.58 88.31 64.29 63.03 41.70 31.69 49.21 32.38 26.02 47.12 47.30 52.29 66.11 72.31 67.42 72.08 43.21 25.10 20.76 12.02 29.25 66.73 59.82 19.00 -9.08 
		-17.39 -76.89 -67.76 -75.69 -79.30 -71.46 -54.19 -57.85 -68.81 -102.38 -95.46 -68.45 -77.25 -103.17 -96.80 -98.42 -85.32 -68.33 -52.26 -32.60 -29.63 -13.48 -7.47 -18.99 -33.28 -55.50 -60.95 -58.39 -62.61 -56.33 -50.43 -43.16 -53.07 -79.75 -72.90 -61.26 -43.60 -23.34 -2.72 9.39 17.95 25.03 10.73 8.48 6.90 8.10 7.95 15.75 16.20 12.65 12.79 3.64 10.98 56.20 96.02 92.19 74.59 60.68 32.78 8.16 -0.01 -0.67 -2.13 -5.26 -10.37 -16.02 -12.14 -5.79 -2.44 0.00 0.00 0.00 -5.31 -31.29 -65.48 -67.89 -30.81 -8.11 -23.28 -38.30 -56.03 
	
	END_VTXPOS

END_FIELDSET

END_SCRIPT		# この行は絶対消さないこと！