#------------------------------------------------------------------------------
# テクスチャファイル名
#------------------------------------------------------------------------------
TEXTURE_FILENAME = data/TEXTURE/glass.jpg		

#==============================================================================
# フィールドの設置
#==============================================================================
FIELDSET
	POS = 0.00 10.00 -4284.00
	BLOCK = 80 60
	SIZE = 63.00 63.00
	VTXPOS
		29.05 57.11 69.58 80.48 74.17 76.08 89.30 101.48 109.00 92.07 81.91 62.64 56.24 34.97 4.88 18.55 28.25 45.50 38.92 42.34 58.90 58.93 36.85 -3.38 -37.09 -33.14 -26.73 -17.06 -10.99 -29.55 -19.76 1.22 26.99 44.33 61.19 79.93 93.23 89.07 69.74 71.06 108.55 107.78 105.61 107.12 89.32 78.68 63.72 39.94 13.14 5.19 3.94 5.66 14.31 24.62 30.44 35.95 41.28 46.03 38.43 17.89 -1.72 -12.61 -19.93 -27.86 -32.58 -39.72 -23.51 -13.42 -11.68 0.04 8.49 25.67 46.68 52.15 82.23 87.40 82.27 -43.06 53.09 -1.95 7.59 
		28.61 60.74 76.18 82.41 85.15 88.94 105.43 128.11 132.18 111.50 107.32 94.92 64.44 46.05 37.70 60.08 76.40 75.37 66.82 63.47 58.54 30.91 10.47 8.92 -7.02 -4.94 1.60 33.11 47.99 60.16 76.05 99.27 131.55 147.30 149.72 154.38 162.12 171.09 162.63 173.43 185.94 182.64 180.77 159.89 142.69 135.93 121.59 105.54 77.92 63.11 48.04 38.65 35.50 34.47 37.89 46.23 57.93 76.97 93.48 96.54 89.21 74.26 68.99 47.72 34.03 6.24 -0.92 28.83 46.33 62.81 86.19 119.73 106.14 121.50 142.48 122.01 122.28 127.93 139.32 159.41 60.93 
		29.88 58.45 81.50 82.90 81.66 65.57 64.62 91.61 100.84 102.41 97.25 76.58 40.94 18.98 15.91 37.07 51.76 53.18 58.38 72.97 60.16 15.79 17.65 7.61 3.61 7.55 18.41 37.33 33.20 65.83 95.24 130.19 156.28 170.24 168.90 165.53 160.71 165.44 162.20 170.35 182.57 179.02 176.53 139.02 117.30 104.32 89.23 88.81 80.14 75.14 62.82 49.19 45.62 50.48 50.62 56.08 67.98 81.44 99.17 102.56 105.98 86.16 90.39 82.70 50.63 -0.62 -12.24 7.09 29.02 81.60 126.36 157.72 141.92 130.77 134.27 136.57 135.87 138.95 163.27 179.98 209.53 
		26.84 51.44 75.43 84.07 70.77 54.72 45.36 62.61 78.02 78.84 67.19 55.06 27.35 13.78 14.71 18.26 40.23 56.26 63.97 63.78 54.07 51.73 46.16 35.56 19.66 2.49 9.88 19.45 16.65 52.06 81.47 110.48 130.41 146.62 135.98 120.91 109.75 108.94 110.62 109.47 119.17 123.18 127.45 120.27 97.31 73.81 56.06 67.85 76.59 74.74 66.33 55.03 54.13 66.55 70.48 68.69 68.67 78.33 100.18 104.56 117.99 106.68 110.56 94.33 55.70 13.91 5.57 15.17 44.76 120.21 150.57 151.20 174.99 186.79 174.66 166.87 177.14 184.58 186.36 211.74 232.77 
		14.30 32.53 40.97 53.81 59.64 60.77 58.99 57.90 52.61 49.62 47.56 39.66 17.90 10.96 3.69 4.52 16.97 27.51 39.40 42.02 47.49 54.43 44.92 42.11 17.20 -17.24 -9.49 18.36 30.14 44.67 53.99 68.55 81.10 87.10 75.42 58.80 45.53 44.71 47.62 51.85 70.71 89.54 97.64 106.12 96.91 69.69 55.76 64.04 73.82 74.58 66.47 53.41 53.40 66.08 76.27 69.27 70.42 75.26 83.98 98.92 115.36 128.85 122.74 100.34 64.23 44.90 36.60 47.15 76.13 117.11 170.84 169.12 186.53 201.68 202.00 201.90 208.16 220.47 217.14 211.92 250.42 
		1.41 11.18 14.47 19.42 29.20 35.94 37.63 31.92 25.71 16.99 13.37 7.06 4.94 -4.79 -9.85 -7.24 3.19 9.94 14.17 19.74 27.41 29.39 25.01 26.43 9.76 -14.78 -14.82 3.29 18.41 18.07 18.01 20.37 27.11 27.72 20.85 9.31 0.00 1.46 5.58 15.44 34.68 63.24 81.22 89.68 82.66 65.42 60.21 75.01 80.33 76.62 61.09 50.55 49.61 63.80 74.89 74.24 75.00 75.72 87.97 102.18 117.60 138.24 138.22 113.94 73.88 39.39 41.40 59.20 108.18 154.90 189.30 185.28 193.03 207.21 237.05 222.95 224.48 234.55 230.75 234.32 256.00 
		0.00 0.00 3.18 5.88 6.62 6.12 4.67 4.20 2.04 0.06 0.19 1.93 2.21 0.95 0.00 0.00 0.00 0.00 0.00 -1.29 1.90 6.66 6.35 1.65 -5.80 -15.69 -19.04 -12.26 -3.95 0.80 2.59 0.87 1.06 3.91 1.99 0.00 0.00 0.00 0.36 5.42 19.05 38.14 54.59 58.25 51.16 46.77 56.93 72.62 81.05 73.08 57.81 48.35 49.71 56.27 69.84 87.64 91.67 85.31 98.16 112.07 123.02 144.71 141.84 121.42 71.81 49.27 55.48 108.61 151.30 201.84 200.03 198.81 209.60 228.69 238.86 252.63 250.50 254.16 255.79 254.33 263.77 
		0.00 0.00 0.00 0.00 0.00 0.00 0.00 0.00 0.00 0.00 0.00 0.00 0.00 0.00 0.00 0.00 0.00 0.00 0.00 0.00 0.00 -0.04 -3.88 -6.62 -7.48 -13.22 -21.68 -22.80 -13.12 -4.81 -0.09 0.00 0.00 0.00 0.00 0.00 0.00 0.00 0.00 4.47 17.06 34.60 45.65 43.83 32.66 27.74 41.61 58.63 63.22 60.86 52.31 49.94 56.67 60.34 73.84 88.85 91.67 87.83 104.21 132.52 134.16 147.60 141.57 127.07 83.54 70.38 74.27 138.34 205.93 224.17 225.49 216.01 230.38 248.02 274.36 267.43 273.03 276.80 274.10 283.86 295.94 
		0.00 0.00 0.00 0.00 0.00 0.00 0.00 0.00 0.00 0.00 0.00 0.00 0.00 0.00 0.00 0.00 0.00 0.00 0.00 0.00 0.00 0.00 0.00 0.00 -0.92 -5.64 -10.26 -9.16 -5.02 -1.31 0.00 0.00 0.00 0.00 0.00 0.00 0.00 0.00 0.24 7.17 19.02 30.61 37.04 33.92 24.86 23.79 30.68 34.11 31.99 35.41 49.42 52.15 57.04 62.89 75.87 84.28 87.71 92.93 123.62 161.54 168.19 177.62 149.53 152.11 114.19 100.47 109.93 141.53 224.94 240.81 234.28 233.01 259.21 269.90 283.65 290.54 302.25 315.07 314.03 312.69 320.36 
		0.00 0.00 0.00 0.00 0.00 0.00 0.00 0.00 0.00 0.00 0.00 0.00 0.00 0.00 0.00 0.00 0.00 0.00 0.00 0.00 0.00 0.00 0.00 0.00 0.00 -0.09 -2.09 -2.79 -1.67 0.00 0.00 0.00 0.00 0.00 0.00 0.00 0.00 0.00 3.03 12.53 28.25 38.37 38.88 39.07 36.57 36.41 41.37 35.99 24.11 32.99 57.71 71.08 71.95 64.88 78.27 88.83 97.45 112.72 152.51 194.40 190.43 205.46 195.09 161.72 140.82 137.05 140.52 148.07 222.75 241.38 242.42 251.65 266.61 278.49 297.25 312.01 331.15 346.85 341.01 354.54 355.42 
		0.00 0.00 0.00 0.00 0.00 0.00 0.00 0.00 0.00 0.00 0.00 0.00 0.00 0.00 0.00 0.00 0.00 0.00 0.00 0.00 0.00 0.00 0.00 0.00 0.00 0.00 0.00 0.00 0.00 0.00 0.00 0.00 0.00 0.00 0.00 0.00 0.00 0.00 4.00 16.87 36.07 47.98 45.56 39.80 39.90 42.91 47.12 46.11 38.87 49.38 71.89 88.07 79.33 78.25 89.36 102.43 110.73 145.38 186.35 213.05 207.88 211.72 217.40 189.92 175.17 153.37 155.63 189.86 231.36 244.59 247.18 260.62 277.85 290.67 320.81 336.65 366.82 356.08 362.16 360.93 366.58 
		0.00 0.00 0.00 0.00 0.00 0.00 0.00 0.00 0.00 0.00 0.00 0.00 0.00 0.00 0.00 0.00 0.00 0.00 0.00 0.00 0.00 0.00 0.00 0.00 0.00 0.00 0.00 0.00 0.00 0.00 0.00 0.00 0.00 0.00 0.00 0.00 0.00 0.00 1.60 10.03 27.77 43.69 47.33 39.74 36.14 38.33 46.95 50.48 55.20 62.99 85.78 90.59 90.25 85.44 104.26 122.12 138.66 180.18 210.72 233.35 225.61 223.46 220.54 223.39 210.27 193.66 194.79 222.80 252.59 258.91 270.46 278.27 287.82 313.54 335.01 352.23 359.68 374.18 380.31 379.28 387.58 
		0.00 0.00 0.00 0.00 0.00 0.00 0.12 0.93 1.82 1.97 1.42 0.93 0.51 0.30 2.25 5.08 7.39 8.61 8.54 7.65 6.77 5.41 3.41 1.27 0.01 0.00 0.00 0.00 0.00 0.00 0.00 0.00 0.00 0.00 0.00 0.00 0.00 0.00 0.00 0.99 9.74 22.65 32.96 36.70 34.13 36.97 44.09 54.07 58.98 63.80 80.30 84.84 84.01 89.91 125.27 152.52 171.82 189.24 213.48 244.62 235.10 239.25 245.70 256.06 252.00 237.41 245.64 249.16 273.31 277.69 281.27 295.05 308.97 317.06 346.58 373.57 375.87 382.67 396.52 407.33 428.65 
		0.00 0.00 0.00 0.00 0.14 2.18 6.16 11.22 16.41 20.71 23.23 23.23 23.88 26.10 28.39 30.61 32.58 34.17 35.31 35.02 32.37 28.15 22.52 15.78 8.65 2.40 0.00 0.00 0.00 0.00 0.00 0.00 0.00 0.00 0.00 0.00 0.00 0.00 0.00 0.00 0.01 8.35 18.94 26.72 32.02 36.87 46.48 55.12 56.96 60.63 66.63 74.34 81.81 100.95 140.76 160.39 177.34 191.14 225.94 245.90 253.64 257.03 246.89 252.33 250.96 252.04 255.98 282.04 298.12 304.41 313.50 319.71 325.77 331.01 357.96 376.80 408.29 417.93 422.04 436.93 459.26 
		0.00 0.00 0.00 0.15 2.85 8.57 16.65 26.14 35.82 44.44 50.88 55.97 59.20 61.16 63.27 65.32 67.06 68.27 68.71 67.71 64.42 58.41 50.16 39.90 28.23 16.18 5.26 0.00 0.00 0.00 0.00 0.00 0.00 0.00 0.00 0.00 0.00 0.00 0.00 0.00 0.00 0.00 4.61 13.96 25.94 34.81 40.40 45.78 54.47 58.62 61.16 67.23 82.29 103.79 129.43 147.18 175.96 198.77 228.08 239.15 255.08 255.35 254.34 252.89 254.34 262.47 274.24 303.05 323.67 325.50 328.76 335.46 339.13 351.94 382.39 393.80 434.51 447.18 461.66 468.62 482.96 
		0.00 0.00 0.00 1.65 7.18 16.26 28.30 42.24 56.52 69.42 79.96 89.31 95.01 97.35 99.43 101.56 103.25 104.16 104.06 102.46 98.75 92.10 82.31 69.47 54.28 37.80 21.27 6.29 0.00 0.00 0.00 0.00 0.00 0.00 0.00 0.00 0.00 0.00 0.00 0.00 0.00 0.00 0.00 4.23 24.48 34.93 26.94 31.28 49.37 61.78 60.82 60.56 73.53 91.35 116.35 149.72 185.18 204.36 229.49 234.47 242.31 246.99 262.10 265.36 264.30 270.53 291.62 322.36 341.24 337.74 343.12 344.72 352.31 364.84 391.18 414.56 470.93 481.12 488.79 492.51 501.32 
		0.00 0.00 0.17 3.58 11.28 23.10 38.64 56.96 75.94 92.87 107.34 118.88 129.47 138.01 144.39 149.13 150.03 147.20 139.91 134.85 131.58 125.44 115.51 101.17 83.48 63.78 43.27 23.11 5.33 0.00 0.00 0.00 0.00 0.00 0.00 0.00 0.00 0.00 0.00 0.00 0.00 0.00 0.29 9.16 23.69 31.69 25.09 21.18 40.20 51.17 45.93 54.83 75.44 112.10 141.92 173.89 207.00 232.67 235.00 230.98 233.79 252.11 277.79 280.97 288.93 301.81 312.72 317.90 339.24 344.21 347.18 364.19 380.30 397.68 419.03 449.14 488.64 509.76 520.12 519.06 527.55 
		0.00 0.00 0.47 4.85 13.80 27.70 52.48 78.64 105.23 127.25 147.87 166.65 182.64 192.75 199.75 205.86 205.28 198.97 191.41 179.44 166.28 155.95 145.33 131.10 112.44 91.09 68.21 44.80 22.07 4.23 0.00 0.00 0.00 0.00 0.00 0.00 0.00 0.00 0.00 0.00 0.00 0.00 4.85 15.17 25.03 24.02 23.25 24.77 28.40 33.89 42.01 70.85 107.44 142.84 170.87 200.63 225.67 237.30 225.68 230.56 247.35 271.74 297.80 316.85 325.13 326.54 321.72 330.29 338.85 348.33 368.63 386.26 420.51 442.72 474.76 506.80 530.40 540.12 553.89 565.10 559.77 
		0.00 0.00 0.48 4.89 23.19 49.94 77.41 109.23 142.12 170.46 193.50 213.18 230.77 243.13 247.86 246.57 243.80 234.59 223.24 212.19 196.50 182.54 172.12 157.59 137.38 116.80 93.44 68.38 42.93 20.01 3.22 0.00 0.00 0.00 0.00 0.00 0.00 0.00 0.00 0.00 0.00 0.67 6.67 19.24 26.42 27.11 23.99 26.73 31.05 37.10 55.08 94.78 139.83 167.23 178.42 201.11 215.32 219.64 217.76 230.43 255.05 280.27 314.63 327.64 329.93 331.89 338.64 341.96 355.05 370.32 396.32 426.20 462.95 493.37 537.30 564.31 554.00 558.94 570.75 580.07 575.89 
		0.00 0.00 3.59 19.27 46.51 74.54 106.40 140.51 170.27 200.19 223.89 242.28 257.81 267.61 274.76 271.96 264.37 254.16 240.12 226.75 212.90 197.52 188.11 178.00 161.50 138.92 116.69 91.32 64.14 37.99 15.92 1.72 0.00 0.00 0.00 0.00 0.00 0.00 0.00 0.00 0.00 0.20 5.60 16.04 26.11 26.95 25.39 33.39 41.88 54.70 76.85 108.39 136.43 151.97 163.75 170.45 186.74 191.64 199.70 218.30 241.41 287.02 326.30 327.92 321.95 332.55 350.08 357.19 378.40 396.82 435.15 479.42 526.51 541.29 567.65 601.81 580.24 587.67 593.01 603.08 598.16 
		0.00 4.42 14.42 37.10 65.53 95.91 131.60 166.46 197.01 221.69 243.57 264.88 276.95 283.65 287.79 288.34 277.31 261.81 246.65 231.68 220.22 210.19 199.74 187.89 179.72 162.61 138.30 113.76 85.14 56.03 29.87 9.81 0.11 0.00 0.00 0.00 0.00 0.00 0.00 0.00 0.00 0.00 1.27 7.83 13.78 15.96 26.29 40.92 55.27 64.95 77.24 98.59 120.94 143.04 151.71 160.47 173.31 175.16 189.30 210.09 248.21 295.72 331.60 333.34 327.49 351.72 367.22 386.91 413.14 439.60 470.57 516.77 569.49 598.75 614.76 634.27 613.27 601.91 626.20 631.97 632.43 
		2.32 9.99 25.78 51.63 80.21 112.64 151.03 185.64 214.93 236.71 260.33 287.00 299.69 304.23 303.88 306.26 295.48 280.35 260.43 241.65 236.93 230.03 213.92 201.01 189.28 181.61 160.63 134.31 104.73 72.78 43.03 18.88 3.16 0.00 0.00 0.00 0.00 0.00 0.00 0.00 0.00 0.00 0.00 0.84 2.95 13.47 32.94 51.66 69.04 65.66 74.19 91.17 117.64 136.87 150.08 154.60 160.79 163.81 184.37 214.78 252.77 301.72 330.55 331.68 344.71 371.86 401.26 440.92 468.82 483.34 512.71 536.19 583.58 614.86 640.79 651.76 634.78 635.02 656.71 664.57 650.11 
		5.59 14.87 33.69 61.93 90.56 122.82 161.21 194.98 218.26 234.59 267.39 301.86 312.24 311.83 301.85 294.05 287.83 287.49 270.61 250.99 255.23 252.87 235.61 214.15 196.30 191.21 178.59 151.38 121.40 86.92 53.83 26.45 7.33 0.00 0.00 0.00 0.00 0.00 0.00 0.00 0.00 0.00 0.00 0.00 6.55 26.77 47.75 69.39 75.63 66.68 69.45 87.22 118.01 141.15 149.51 151.04 156.76 160.09 181.84 217.70 260.76 305.93 330.97 346.18 358.99 382.33 412.33 481.33 509.46 525.51 544.86 556.49 597.74 619.77 652.27 671.94 665.56 660.90 674.34 668.67 670.88 
		7.35 17.25 36.38 66.60 98.35 129.71 159.68 180.45 200.92 226.34 250.49 280.29 296.51 297.33 286.88 281.90 294.92 298.73 280.35 261.29 261.05 261.24 248.10 222.38 201.81 199.63 189.57 166.59 133.46 97.16 61.58 31.27 10.21 0.00 0.00 0.00 0.00 0.00 0.00 0.00 0.00 0.00 0.00 3.19 21.95 43.47 64.23 79.56 79.41 68.70 72.23 93.36 114.27 127.70 132.70 137.35 139.72 153.13 181.58 223.81 281.89 313.35 338.18 362.98 379.42 403.24 447.08 512.96 541.90 555.60 574.18 575.23 603.83 634.40 684.42 693.89 685.06 687.09 692.83 702.17 700.98 
		7.43 19.56 41.94 72.97 107.74 134.91 159.56 184.54 205.57 222.21 238.67 257.60 266.02 263.62 269.19 288.17 309.80 324.72 323.87 306.89 286.13 263.61 247.38 222.73 205.82 205.86 197.49 174.52 136.60 101.64 65.64 33.35 10.85 0.00 0.00 0.00 0.00 0.00 0.00 0.00 0.00 0.00 0.70 17.25 38.92 58.75 76.99 81.73 80.94 72.62 83.02 98.08 114.18 126.26 137.36 140.19 147.62 170.57 196.38 232.57 274.19 325.20 367.93 381.77 404.27 434.81 481.32 558.38 579.40 600.80 608.20 604.75 619.31 648.44 700.53 713.21 706.67 698.39 706.44 719.21 730.24 
		10.01 26.02 47.89 78.03 108.33 135.41 159.08 186.55 206.77 219.28 225.63 228.31 233.51 243.09 263.43 291.57 312.95 327.79 333.33 330.24 306.30 268.41 240.06 218.07 211.49 213.43 202.49 177.44 135.55 97.88 64.76 32.67 9.10 0.00 0.00 0.00 0.00 0.00 0.00 0.00 0.00 0.00 12.75 34.18 53.59 71.44 76.33 81.58 84.63 85.17 93.09 103.38 121.05 137.72 148.64 158.52 170.48 195.03 213.01 240.10 297.91 358.43 390.33 401.12 417.32 462.18 534.95 597.64 627.29 636.01 635.66 632.54 644.62 676.79 724.77 730.81 735.01 721.13 728.51 736.75 748.40 
		13.91 31.53 54.31 79.82 106.94 135.06 156.72 181.25 199.79 204.37 208.42 219.16 237.24 265.73 289.67 310.81 320.17 313.76 322.12 330.67 310.83 276.14 235.35 217.76 222.99 221.46 208.87 174.20 133.85 91.46 60.71 30.24 5.45 0.00 0.00 0.00 0.00 0.00 0.00 0.00 0.00 7.57 27.14 51.71 75.01 78.85 81.38 89.22 94.08 99.01 105.21 121.88 136.91 154.41 166.01 176.18 185.84 207.26 221.74 255.83 308.86 357.10 393.25 418.23 448.44 494.14 550.88 608.19 642.92 663.42 649.24 660.32 674.48 690.53 720.59 743.35 758.69 757.17 754.13 764.01 774.22 
		16.81 35.53 59.52 81.35 107.86 131.97 154.58 174.22 184.40 186.47 195.54 216.60 248.44 282.17 308.50 320.81 328.19 325.45 333.34 334.30 316.98 277.77 241.48 233.23 235.13 227.28 214.06 178.90 134.75 90.51 55.76 27.44 3.09 0.00 0.00 0.00 0.00 0.00 0.00 0.00 1.26 13.10 34.92 63.34 78.45 86.83 93.61 98.59 109.17 116.30 128.14 145.68 157.48 175.48 189.08 196.56 203.71 212.14 226.13 269.18 322.80 375.58 420.49 450.12 500.26 533.67 567.03 622.39 671.88 691.27 688.78 686.61 709.24 714.05 737.32 766.85 787.35 776.89 789.89 797.48 808.33 
		19.71 37.02 60.70 83.87 111.39 137.94 163.10 183.34 197.38 204.88 222.93 241.67 263.28 296.31 330.61 350.97 352.01 342.36 338.84 342.00 319.83 287.13 267.96 269.56 261.82 235.18 212.85 179.05 137.53 92.97 51.50 24.09 5.03 0.56 0.00 0.00 0.00 0.00 0.00 0.54 3.69 15.28 35.02 55.97 74.70 90.47 98.79 113.78 125.91 138.79 158.04 173.40 188.31 205.38 217.23 220.53 227.84 239.34 267.72 304.56 355.19 397.11 454.98 497.99 538.87 573.66 601.53 638.33 662.26 684.79 694.57 704.13 729.73 729.15 748.46 780.17 804.33 798.29 814.26 827.13 819.15 
		20.09 37.43 58.06 85.42 118.84 151.44 181.08 203.44 224.91 237.49 250.05 262.48 270.89 290.94 312.41 334.87 347.24 350.69 340.32 330.11 313.15 292.87 287.54 293.76 287.17 256.15 212.17 176.13 137.34 95.63 53.50 21.68 8.45 1.73 0.00 0.00 0.00 0.04 2.87 7.84 14.74 24.49 34.57 45.60 64.70 83.58 105.19 126.63 143.86 166.25 185.18 198.41 211.98 223.53 232.90 234.91 241.74 258.73 294.44 337.86 393.12 439.47 489.92 533.63 551.49 583.58 623.98 658.36 669.35 683.41 699.11 705.93 734.66 737.61 755.05 777.49 803.77 813.16 832.75 850.67 856.34 
		17.56 32.62 64.08 93.96 129.60 167.11 199.59 227.80 250.33 260.39 269.53 277.48 284.96 292.67 299.31 317.50 329.15 336.77 325.93 310.27 293.91 292.56 302.88 304.18 291.64 265.67 221.04 172.74 133.37 95.68 54.55 24.10 10.77 2.50 0.00 0.00 0.00 3.62 11.81 23.77 34.52 40.69 41.43 43.67 59.31 89.48 118.65 145.51 168.27 187.47 201.83 216.30 227.42 238.89 243.32 248.80 259.71 284.20 324.54 369.78 423.52 462.69 493.34 526.71 552.24 597.53 638.54 658.97 680.87 696.02 709.73 723.19 740.87 750.57 767.66 791.72 809.24 821.70 849.29 852.78 856.64 
		12.59 34.25 67.87 99.46 134.35 174.64 211.60 245.26 272.27 286.77 294.73 302.21 308.37 312.00 309.40 312.80 323.01 320.08 312.31 298.60 298.38 306.54 317.43 319.05 295.43 264.30 220.48 168.78 128.02 90.88 55.31 26.61 11.54 1.86 0.00 0.00 0.99 10.89 24.68 41.88 56.98 65.89 66.77 67.04 86.50 119.42 155.82 181.48 193.35 205.58 217.72 233.39 251.85 269.47 271.91 274.89 283.79 306.07 344.15 384.63 431.54 464.61 491.28 521.67 555.67 605.88 644.86 682.76 711.35 720.35 725.46 737.51 744.76 757.55 781.56 806.14 818.10 838.50 859.21 854.64 858.14 
		10.41 37.10 66.73 100.18 136.09 175.02 211.99 252.00 285.42 304.53 312.51 315.89 322.91 325.44 328.67 331.41 324.63 312.56 309.87 305.49 310.64 329.25 329.83 320.89 294.71 256.53 213.09 160.73 118.88 83.44 53.01 26.76 9.90 0.04 0.00 0.00 4.19 17.99 35.73 60.99 85.44 102.15 111.16 124.20 150.13 174.08 200.86 214.35 220.49 223.05 236.27 259.13 272.82 286.96 304.94 312.38 321.18 336.37 345.12 384.94 426.38 466.54 493.31 521.99 563.57 598.98 661.64 708.57 723.50 728.87 735.83 743.96 766.79 771.06 794.62 825.96 837.15 844.44 856.75 868.04 860.54 
		11.80 39.83 66.50 99.87 139.73 179.64 216.84 246.03 269.74 291.76 299.35 303.12 304.92 311.30 321.82 329.26 321.08 316.92 319.05 314.29 311.59 327.75 333.97 315.38 286.46 242.38 194.90 145.57 105.90 74.60 48.23 23.39 5.73 0.00 0.00 0.00 7.02 21.97 44.29 76.39 109.75 132.37 147.26 170.71 199.98 217.99 235.28 237.76 238.41 244.76 262.76 289.84 307.62 331.80 355.68 351.92 363.09 367.91 375.01 388.63 426.18 462.96 489.83 531.42 581.35 608.27 661.89 710.81 720.25 734.63 751.60 756.79 772.29 770.15 788.37 834.53 851.32 871.58 864.16 867.54 867.32 
		15.25 42.08 71.93 103.05 139.79 180.98 207.28 224.89 239.96 249.26 258.59 262.21 274.24 285.55 295.29 305.86 303.80 308.65 313.99 307.39 305.47 318.57 319.17 299.06 274.13 230.09 179.18 130.29 90.66 63.41 39.42 16.48 2.22 0.00 0.00 0.00 6.67 22.89 46.17 81.14 120.35 157.98 193.67 226.65 260.34 273.71 280.69 273.50 270.82 285.54 314.47 347.19 366.17 383.81 400.22 401.01 403.39 402.12 400.54 417.02 455.43 482.80 503.09 536.45 576.94 627.61 679.36 702.78 712.61 724.31 733.84 739.80 771.50 775.78 781.85 830.06 870.59 894.83 876.91 879.65 884.65 
		18.83 45.74 78.39 108.80 140.41 171.79 197.35 216.51 230.98 238.54 239.48 244.37 255.09 260.75 277.05 296.64 300.62 313.72 320.94 318.02 314.49 314.37 307.90 284.23 260.51 215.54 166.61 121.65 78.43 51.98 30.27 11.46 0.07 0.00 0.00 0.00 3.83 19.43 41.23 80.21 139.62 198.23 250.70 290.79 320.97 334.95 340.85 324.36 312.39 341.53 354.17 382.46 391.66 413.80 422.59 426.91 431.88 438.71 432.97 437.07 471.13 491.21 521.89 555.27 609.24 661.07 696.01 712.85 715.52 716.58 716.86 740.40 755.48 776.39 792.75 824.58 876.40 896.73 896.98 887.19 894.33 
		19.81 47.40 79.79 110.16 141.21 170.06 195.69 216.25 231.38 241.64 248.24 255.44 266.27 270.55 277.88 301.13 312.42 312.35 318.10 317.45 316.19 305.03 282.30 257.20 232.70 191.79 149.98 109.88 72.68 43.91 23.30 7.57 0.00 0.00 0.00 0.00 1.06 11.76 41.05 99.30 169.68 238.62 299.66 344.06 369.51 382.44 389.57 381.93 365.79 373.73 381.14 404.01 416.61 434.92 439.63 441.98 455.24 463.74 469.17 484.14 495.51 514.17 551.83 582.21 607.94 647.06 702.07 708.95 717.80 716.87 720.06 731.56 754.75 775.23 782.04 831.33 879.60 896.77 905.47 906.30 906.99 
		19.38 44.99 73.82 107.18 143.53 172.06 195.62 214.38 227.00 244.81 258.40 277.63 285.25 281.65 283.55 303.16 319.04 317.46 310.79 307.95 306.42 291.70 265.01 235.64 197.25 164.00 130.33 99.22 71.06 42.19 17.82 4.48 0.00 0.00 0.00 0.00 0.00 11.00 63.60 131.62 205.70 278.02 342.17 389.56 415.45 432.71 440.78 438.10 423.16 419.76 429.14 435.09 449.73 463.87 479.50 481.25 490.17 492.91 491.23 505.11 524.30 540.63 566.67 588.59 609.57 641.18 689.17 701.29 706.76 715.81 722.82 725.66 738.22 740.82 767.88 843.81 886.95 902.97 925.37 913.84 920.87 
		17.41 39.53 63.84 97.03 136.23 170.81 192.17 209.43 222.38 241.37 268.75 295.96 293.15 287.70 286.70 303.38 316.78 326.90 322.22 308.72 298.81 282.24 255.62 221.19 186.25 144.46 118.27 97.19 71.19 41.87 13.60 2.83 0.00 0.00 0.00 0.00 1.69 34.73 94.76 169.55 251.53 329.82 398.18 449.45 479.39 485.91 487.83 478.80 468.78 460.72 463.35 477.73 482.77 503.59 511.99 510.77 519.64 528.20 541.98 548.14 556.36 568.12 588.54 605.38 622.70 642.80 668.84 685.53 696.10 706.99 721.34 726.98 743.22 744.18 761.53 820.88 870.48 891.49 910.40 914.77 922.90 
		14.48 31.40 52.81 82.13 117.78 155.19 185.98 213.36 235.50 263.44 301.60 327.49 328.93 312.10 308.45 317.08 320.72 324.31 320.99 314.63 301.69 277.17 245.98 219.21 195.92 159.61 119.21 97.82 71.68 40.39 10.71 1.51 0.00 0.00 0.00 0.00 16.10 65.72 133.52 213.76 302.55 389.54 457.37 512.49 542.74 539.49 517.89 515.64 517.41 513.37 516.46 523.39 531.52 538.74 545.70 557.72 557.77 569.81 588.01 605.26 615.38 612.05 621.43 620.51 640.58 656.12 666.57 694.12 704.58 710.29 728.25 729.30 738.52 759.77 773.97 803.87 853.30 867.40 913.86 908.94 905.28 
		8.95 23.88 40.33 65.26 98.04 137.75 179.30 223.16 264.05 293.85 315.48 328.43 334.69 336.72 340.49 341.27 339.60 329.57 315.60 301.93 291.86 273.44 249.98 227.97 207.54 178.92 140.06 98.80 70.59 38.94 8.58 0.00 0.00 0.00 0.00 1.38 33.88 95.83 174.68 262.80 356.66 441.21 504.32 542.01 562.46 559.87 546.26 561.11 573.96 574.67 581.23 583.51 581.63 580.91 577.64 586.07 600.15 611.38 616.42 625.14 644.00 648.14 655.70 651.21 661.98 678.41 687.59 704.69 716.97 734.20 749.71 750.58 753.48 749.78 776.55 799.07 819.21 847.93 883.88 905.76 905.14 
		6.42 17.55 28.16 51.19 86.32 129.76 178.12 227.47 270.77 303.29 325.51 334.25 333.65 333.88 340.81 341.62 340.45 330.37 316.08 298.50 291.90 274.29 252.89 236.66 219.27 195.58 157.49 108.59 66.67 34.59 7.75 0.00 0.00 0.00 0.00 6.01 50.66 122.73 211.49 306.86 406.91 491.73 535.84 565.74 576.58 565.88 578.17 604.47 616.02 613.38 621.01 629.25 628.08 629.75 628.39 629.10 639.59 640.67 638.94 649.55 674.74 679.31 671.31 668.54 671.63 700.79 710.14 715.56 731.88 732.39 742.84 741.88 756.88 752.57 768.49 781.06 794.75 837.62 856.80 881.58 899.47 
		22.73 25.08 33.88 51.35 80.93 122.87 172.27 223.38 270.15 306.83 329.82 340.11 337.08 334.58 339.47 341.84 341.31 332.68 321.68 307.44 301.76 291.37 266.25 248.11 228.44 204.08 165.19 113.74 64.83 27.49 7.42 0.00 0.00 0.00 0.00 10.29 64.78 146.17 240.25 338.75 436.24 513.10 547.84 573.52 577.90 576.79 590.75 624.31 654.83 668.78 683.42 693.68 692.25 688.26 678.21 670.15 653.20 647.37 660.06 679.54 702.03 706.78 704.88 698.73 695.97 705.51 722.03 751.17 756.63 759.11 753.54 759.24 754.85 753.04 767.73 793.33 789.97 863.52 876.42 890.38 894.60 
		46.28 51.13 55.76 68.95 90.88 125.67 172.24 220.32 268.32 306.66 332.76 342.24 334.97 329.62 330.71 326.26 322.02 325.48 327.89 320.41 298.31 273.97 257.07 241.97 226.98 203.58 165.55 114.18 62.55 25.25 6.60 0.00 0.00 0.00 0.00 12.34 76.63 163.31 260.42 358.10 445.18 505.24 534.51 554.78 560.86 581.92 603.44 639.28 684.93 701.98 719.26 721.92 716.84 719.98 709.01 691.72 675.38 672.14 677.53 689.33 704.98 715.01 713.35 717.80 721.91 737.96 748.62 758.29 776.08 760.17 754.49 744.77 751.52 763.18 777.30 770.71 791.64 857.41 862.27 890.21 890.97 
		75.19 81.16 86.13 93.46 107.92 133.63 175.88 224.70 267.68 305.84 329.84 337.21 334.82 329.23 323.56 311.83 299.16 303.00 312.09 308.54 288.73 258.47 236.00 226.18 216.51 197.10 164.33 116.67 68.53 29.01 6.02 0.00 0.00 0.00 0.00 12.69 88.20 183.53 283.26 378.78 461.39 508.69 532.54 561.68 587.20 609.92 623.51 664.68 704.76 714.50 730.06 744.73 751.75 752.80 735.49 714.01 700.45 704.56 702.41 712.67 723.75 718.29 722.46 732.09 737.53 748.31 770.22 755.88 760.63 754.42 731.50 735.27 740.82 743.97 754.93 774.75 781.98 845.08 850.71 875.56 883.86 
		102.61 108.84 113.34 121.18 132.68 148.77 179.90 224.69 264.25 295.48 317.12 326.69 332.44 335.11 331.86 312.04 295.45 295.37 302.25 298.06 278.18 251.59 233.46 223.16 206.28 184.91 161.17 122.18 80.32 40.93 6.69 0.00 0.00 0.00 0.00 20.83 109.09 211.65 315.97 413.98 493.34 530.47 524.56 556.48 597.52 629.67 645.88 697.12 733.26 736.30 744.88 759.16 764.29 758.12 749.15 725.56 722.05 725.76 725.22 731.68 728.17 736.47 737.23 737.08 742.43 746.99 770.72 756.44 751.99 742.97 731.38 715.78 728.89 734.24 735.74 760.54 779.56 803.61 834.00 868.14 903.65 
		125.83 131.06 137.46 150.32 164.73 180.59 204.93 238.04 264.43 283.65 304.33 320.76 333.23 342.39 344.48 341.49 335.51 322.30 320.82 307.13 286.25 263.59 248.40 228.85 208.11 186.09 167.24 133.78 93.41 51.03 15.69 0.06 0.00 0.00 3.72 35.94 126.46 237.38 350.32 450.49 528.43 558.78 544.06 568.57 612.02 653.75 689.53 724.65 756.07 758.44 759.71 752.77 747.83 760.37 765.91 752.73 739.68 746.86 737.23 740.08 737.43 745.24 743.88 748.37 761.53 759.70 753.42 755.17 747.20 729.41 714.89 700.15 714.81 734.27 736.99 775.91 786.80 813.01 850.83 892.53 953.61 
		129.67 142.68 155.63 176.76 192.48 207.23 232.39 266.61 294.97 311.63 323.73 328.56 326.04 331.17 341.45 357.38 370.72 375.15 355.44 336.68 309.72 286.24 267.34 249.79 229.49 203.14 176.17 152.99 115.51 69.79 29.57 4.16 0.00 0.00 9.90 46.87 140.55 265.20 388.18 485.11 558.36 585.26 563.71 587.21 630.53 671.37 700.87 723.11 752.85 759.60 752.23 749.08 750.21 754.77 769.26 768.94 762.36 758.65 768.72 759.32 761.71 766.41 753.69 750.08 753.81 757.49 748.51 739.19 741.14 710.75 688.41 678.50 686.51 726.15 767.58 798.25 812.53 856.80 865.45 892.55 956.41 
		116.37 137.75 158.22 182.18 203.65 223.11 254.23 291.76 320.58 338.41 346.92 345.89 339.08 333.35 336.12 348.05 366.25 376.29 369.44 349.45 332.69 317.62 296.82 279.96 258.88 234.92 202.89 174.29 138.12 93.50 50.95 15.76 0.00 0.00 12.20 48.75 148.85 279.91 407.28 497.84 565.25 594.65 581.57 592.04 635.97 687.58 717.38 732.95 748.90 758.43 761.40 762.64 768.02 769.61 774.28 785.28 798.97 794.46 784.20 768.57 761.19 770.10 756.02 735.76 730.45 731.15 721.59 709.35 719.02 699.65 673.68 654.48 669.08 735.50 785.72 831.36 824.67 814.88 790.37 838.09 892.32 
		97.86 123.49 149.41 174.57 200.18 229.61 269.25 308.52 339.62 361.88 369.21 364.93 360.56 354.33 350.42 361.32 378.45 388.54 386.61 375.88 369.26 355.75 331.86 312.00 290.27 270.67 240.18 190.59 156.50 113.67 67.43 28.11 3.16 0.00 8.10 42.05 141.10 263.69 390.11 490.57 554.28 591.21 597.47 611.67 656.49 705.69 731.75 741.81 747.09 759.42 765.33 763.91 775.56 796.37 796.35 802.20 788.12 768.87 750.27 724.28 703.84 705.91 693.88 678.64 650.57 632.18 644.50 678.88 697.64 678.61 663.39 645.29 670.33 717.50 749.77 769.97 756.09 720.29 689.56 742.14 755.98 
		74.38 101.70 131.31 162.32 194.72 232.48 276.24 315.48 348.36 374.36 383.85 384.48 385.83 383.18 378.32 384.26 396.14 409.28 419.21 423.57 425.10 421.03 391.99 361.36 327.14 299.02 262.53 210.90 167.48 126.04 78.60 35.65 8.93 0.00 0.41 27.97 115.81 230.07 348.50 461.89 526.14 564.64 589.78 612.17 652.92 686.58 704.17 729.17 737.50 744.26 755.10 754.14 765.48 786.78 792.06 778.47 751.21 716.60 690.86 649.52 621.74 612.69 593.92 582.09 557.08 535.16 548.48 577.08 603.05 601.15 600.59 612.24 655.77 732.32 770.00 768.20 715.01 678.18 636.73 634.16 608.36 
		46.03 72.73 103.22 137.93 179.95 227.83 277.05 317.95 348.56 376.92 394.74 403.00 406.23 407.25 409.01 406.92 417.38 436.23 448.55 457.14 448.96 440.10 427.81 399.10 373.80 352.59 299.90 237.19 175.99 128.16 80.55 38.62 11.67 0.00 0.00 7.78 79.59 176.20 285.57 394.51 465.78 516.80 553.95 580.78 625.78 658.39 673.42 688.28 696.05 703.04 711.94 713.88 724.30 735.16 712.03 688.49 648.12 595.88 550.63 500.00 466.55 458.76 438.89 421.12 407.79 393.07 397.38 423.07 456.38 469.46 489.15 531.17 604.80 682.95 720.03 704.82 631.35 586.05 551.30 522.01 482.19 
		13.89 38.04 68.99 106.82 150.06 193.65 242.10 293.36 340.02 378.67 405.81 418.38 417.73 418.21 420.58 417.48 420.57 443.43 459.06 451.21 445.29 439.13 437.18 418.66 392.22 368.56 333.80 264.74 190.95 123.65 74.26 38.61 12.79 0.02 0.00 0.53 40.21 112.77 205.45 305.94 386.32 450.76 495.97 521.92 564.10 590.64 597.93 601.15 596.20 596.20 605.24 602.48 592.21 571.73 533.84 496.74 452.71 404.72 361.98 326.38 302.04 287.78 275.40 257.17 250.84 242.30 246.11 265.72 297.29 321.08 357.78 421.26 509.51 581.10 581.59 544.42 495.18 468.09 439.48 397.47 319.94 
		3.32 16.50 39.22 71.98 109.17 148.65 191.01 243.13 290.77 332.41 367.03 395.38 411.86 421.97 426.98 415.91 402.40 415.84 427.02 419.50 420.26 413.45 411.12 412.20 389.60 368.59 337.87 275.74 197.38 117.27 68.37 35.61 12.15 0.00 0.00 0.00 19.15 60.73 128.94 209.15 283.34 345.77 390.32 418.22 437.23 448.49 440.68 431.18 421.42 415.60 416.48 404.29 385.84 357.33 316.37 275.91 238.98 203.75 183.12 162.70 145.80 132.59 120.36 111.47 104.49 104.31 108.81 124.45 148.54 177.59 230.09 307.97 383.88 465.26 465.64 432.01 379.79 355.00 333.46 278.74 209.87 
		0.10 6.32 21.56 44.53 73.35 105.55 138.33 177.04 218.71 257.06 292.95 325.04 353.98 371.62 383.00 384.60 381.16 375.60 379.16 377.50 375.76 369.08 366.48 385.35 379.70 354.97 323.11 265.68 187.28 115.03 64.29 30.55 9.24 0.83 0.00 0.00 7.36 27.58 62.77 112.69 164.54 210.44 245.67 266.93 276.58 270.19 253.15 237.55 224.65 215.16 210.83 202.12 182.57 156.01 122.99 90.31 63.17 54.83 42.77 33.25 25.27 16.44 12.46 9.82 6.57 6.80 16.23 34.42 54.00 77.13 132.47 219.32 301.88 359.76 355.08 326.70 290.27 276.05 262.56 211.68 144.03 
		0.00 0.03 5.16 17.99 36.65 59.00 82.73 107.48 137.15 170.83 204.93 236.87 263.42 284.60 298.53 308.79 312.51 309.75 307.29 318.43 326.83 331.59 336.12 361.87 372.15 348.52 309.15 251.96 176.40 108.13 55.96 25.07 6.68 1.11 0.00 0.00 0.00 10.63 25.89 49.77 76.10 101.53 119.53 127.85 131.33 123.70 111.72 94.78 80.94 71.38 66.49 63.16 55.77 36.76 17.00 2.80 0.00 0.00 0.00 0.00 0.00 0.00 0.00 0.00 0.00 0.00 0.08 2.86 9.72 19.81 57.95 134.87 217.21 277.35 286.09 268.01 240.22 224.81 196.12 142.42 78.38 
		0.00 0.00 0.00 0.00 4.29 14.32 27.12 41.92 61.10 88.76 117.23 146.24 170.60 188.53 201.77 214.33 225.24 232.15 228.68 240.66 257.87 277.91 300.54 324.09 340.20 327.80 296.16 229.85 154.44 91.02 45.55 19.68 5.14 0.51 0.00 0.00 0.00 0.00 5.08 13.88 25.33 35.21 42.49 45.93 40.41 33.58 27.11 20.82 12.37 6.51 4.75 2.58 0.26 0.00 0.00 0.00 0.00 0.00 0.00 0.00 0.00 0.00 0.00 0.00 0.00 0.00 0.00 0.00 0.00 0.00 17.30 70.17 138.29 202.44 232.28 232.04 212.39 182.21 138.42 85.41 33.91 
		0.00 0.00 0.00 0.00 0.00 0.00 0.00 0.43 7.42 20.66 40.90 61.82 82.74 101.23 116.86 129.52 141.54 154.94 167.90 170.78 190.11 216.97 243.86 268.65 280.66 273.08 246.02 186.43 123.29 69.83 33.39 13.23 2.85 0.00 0.00 0.00 0.00 0.00 0.00 0.00 0.00 0.00 0.00 0.00 0.00 0.00 0.00 0.00 0.00 0.00 0.00 0.00 0.00 0.00 0.00 0.00 0.00 0.00 0.00 0.00 0.00 0.00 0.00 0.00 0.00 0.00 0.00 0.00 0.00 0.00 4.95 37.45 83.58 127.79 154.64 157.93 141.31 114.55 78.61 38.99 4.09 
		0.00 0.00 0.00 0.00 0.00 0.00 0.00 0.00 0.00 0.00 0.41 5.86 16.25 28.14 40.21 53.64 70.01 88.14 106.91 123.27 137.65 161.60 188.97 210.03 220.27 214.65 179.63 131.81 84.61 44.92 21.16 6.73 0.31 0.00 0.00 0.00 0.00 0.00 0.00 0.00 0.00 0.00 0.00 0.00 0.00 0.00 0.00 0.00 0.00 0.00 0.00 0.00 0.00 0.00 0.00 0.00 0.00 0.00 0.00 0.00 0.00 0.00 0.00 0.00 0.00 0.00 0.00 0.00 0.00 0.00 0.00 10.33 34.49 59.71 76.50 78.90 68.21 49.14 25.62 3.99 0.00 
		0.00 0.00 0.00 0.00 0.00 0.00 0.00 0.00 0.00 0.00 0.00 0.00 0.00 0.00 0.00 4.61 14.55 27.35 42.18 58.54 80.69 111.31 134.84 152.58 154.14 139.16 111.77 79.01 47.41 22.85 8.93 1.01 0.00 0.00 0.00 0.00 0.00 0.00 0.00 0.00 0.00 0.00 0.00 0.00 0.00 0.00 0.00 0.00 0.00 0.00 0.00 0.00 0.00 0.00 0.00 0.00 0.00 0.00 0.00 0.00 0.00 0.00 0.00 0.00 0.00 0.00 0.00 0.00 0.00 0.00 0.00 0.00 3.18 10.69 15.80 15.85 11.56 4.95 0.04 0.00 0.00 
		0.00 0.00 0.00 0.00 0.00 0.00 0.00 0.00 0.00 0.00 0.00 0.00 0.00 0.00 0.00 0.00 0.00 0.00 0.49 7.58 18.62 34.49 53.88 70.30 75.19 69.04 54.56 35.83 18.18 8.20 1.68 0.00 0.00 0.00 0.00 0.00 0.00 0.00 0.00 0.00 0.00 0.00 0.00 0.00 0.00 0.00 0.00 0.00 0.00 0.00 0.00 0.00 0.00 0.00 0.00 0.00 0.00 0.00 0.00 0.00 0.00 0.00 0.00 0.00 0.00 0.00 0.00 0.00 0.00 0.00 0.00 0.00 0.00 0.00 0.00 0.00 0.00 0.00 0.00 0.00 0.00 
	
	END_VTXPOS

END_FIELDSET

END_SCRIPT		# この行は絶対消さないこと！